99989
99982
99980
99980
99980
99978
99970
99956
99946
99933
99929
99901
99895
99870
99865
99855
99853
99843
99834
99830
99819
99788
99782
99777
99771
99765
99764
99763
99760
99750
99742
99730
99730
99717
99689
99653
99635
99618
99614
99592
99584
99577
99575
99561
99547
99547
99538
99534
99524
99511
99504
99502
99497
99470
99460
99454
99447
99444
99444
99444
99433
99430
99428
99427
99390
99365
99352
99341
99307
99303
99297
99267
99257
99256
99241
99215
99214
99203
99201
99182
99176
99166
99149
99142
99139
99132
99100
99085
99085
99073
99071
99070
99051
99034
99011
99010
99009
99007
99002
98952
98947
98928
98913
98888
98888
98862
98836
98836
98826
98825
98811
98810
98806
98784
98782
98779
98773
98771
98760
98749
98749
98745
98726
98723
98715
98678
98666
98666
98650
98640
98629
98596
98582
98579
98560
98549
98541
98535
98530
98503
98500
98500
98497
98491
98481
98465
98447
98441
98432
98419
98371
98359
98353
98351
98348
98345
98331
98325
98305
98305
98283
98282
98247
98241
98230
98227
98225
98221
98216
98210
98209
98207
98207
98199
98193
98190
98181
98167
98153
98152
98140
98129
98111
98103
98091
98088
98086
98081
98062
98027
98026
98024
98020
97998
97995
97982
97977
97973
97968
97955
97953
97948
97946
97943
97936
97935
97931
97925
97923
97913
97913
97892
97883
97871
97866
97842
97837
97822
97800
97793
97787
97783
97780
97761
97753
97753
97738
97729
97722
97717
97713
97696
97680
97676
97675
97653
97642
97628
97612
97612
97610
97602
97600
97559
97535
97527
97506
97504
97496
97478
97476
97457
97447
97443
97417
97416
97385
97382
97372
97355
97332
97324
97299
97291
97288
97277
97271
97269
97263
97261
97254
97249
97228
97219
97202
97189
97181
97170
97155
97147
97139
97136
97136
97136
97128
97123
97122
97120
97118
97107
97101
97101
97099
97098
97092
97070
97060
97052
97022
97014
97008
97008
97004
96983
96970
96962
96953
96950
96949
96938
96916
96895
96858
96854
96845
96838
96837
96833
96831
96831
96809
96797
96794
96780
96779
96767
96734
96728
96722
96719
96716
96712
96704
96702
96691
96678
96676
96665
96650
96646
96642
96633
96627
96622
96614
96604
96600
96595
96589
96579
96575
96569
96569
96543
96537
96525
96514
96509
96489
96481
96479
96458
96448
96444
96429
96427
96410
96405
96404
96389
96359
96355
96334
96323
96292
96282
96258
96257
96249
96247
96246
96223
96219
96208
96180
96143
96137
96132
96116
96113
96098
96096
96085
96077
96076
96075
96073
96067
96061
96059
96049
96037
96033
96033
96029
96029
95985
95979
95960
95957
95945
95941
95940
95935
95918
95902
95870
95847
95842
95836
95830
95823
95822
95822
95809
95797
95794
95786
95785
95781
95780
95764
95715
95698
95690
95684
95684
95681
95677
95672
95672
95666
95646
95598
95597
95588
95577
95575
95570
95565
95557
95533
95532
95531
95530
95529
95519
95500
95484
95481
95462
95455
95428
95394
95394
95362
95346
95343
95330
95326
95295
95274
95260
95255
95239
95234
95231
95230
95228
95224
95220
95214
95198
95190
95186
95182
95157
95155
95126
95113
95112
95098
95084
95078
95075
95075
95069
95052
95050
95046
95042
95038
95026
95018
94932
94924
94915
94910
94908
94904
94901
94898
94879
94875
94873
94862
94861
94853
94841
94839
94826
94825
94819
94797
94793
94789
94789
94778
94776
94774
94772
94768
94749
94708
94679
94679
94669
94665
94659
94650
94649
94603
94602
94588
94585
94583
94565
94547
94542
94533
94527
94526
94523
94520
94511
94509
94499
94493
94491
94464
94458
94452
94436
94435
94435
94424
94403
94382
94375
94374
94369
94343
94332
94327
94315
94302
94296
94271
94269
94264
94261
94258
94239
94238
94232
94218
94213
94204
94200
94180
94177
94170
94153
94142
94139
94127
94106
94105
94103
94097
94080
94071
94059
94059
94058
94038
94028
94001
93990
93983
93967
93962
93955
93947
93939
93939
93930
93915
93899
93893
93891
93883
93862
93858
93854
93836
93826
93818
93815
93792
93791
93782
93781
93740
93725
93714
93706
93701
93686
93646
93641
93630
93627
93623
93614
93604
93580
93540
93535
93498
93491
93477
93459
93455
93450
93448
93425
93419
93411
93401
93382
93355
93348
93344
93336
93335
93332
93327
93304
93291
93254
93246
93241
93208
93163
93163
93161
93158
93151
93146
93144
93139
93121
93119
93108
93104
93102
93093
93089
93076
93068
93037
93031
92997
92992
92986
92983
92976
92940
92926
92912
92912
92908
92893
92887
92874
92863
92856
92848
92819
92784
92763
92760
92745
92737
92724
92719
92717
92665
92654
92654
92641
92634
92627
92626
92611
92610
92610
92592
92570
92559
92552
92505
92503
92501
92495
92476
92472
92471
92469
92460
92452
92451
92442
92437
92429
92412
92410
92400
92396
92387
92376
92374
92372
92370
92360
92346
92337
92330
92316
92315
92296
92281
92231
92222
92197
92172
92167
92163
92157
92156
92155
92145
92135
92087
92078
92068
92053
92048
92046
92020
92014
92002
91996
91994
91994
91991
91985
91983
91960
91955
91952
91939
91936
91929
91916
91912
91906
91893
91880
91878
91864
91859
91854
91854
91848
91840
91823
91809
91806
91794
91791
91789
91783
91781
91771
91762
91756
91747
91741
91729
91710
91686
91662
91660
91643
91641
91626
91618
91608
91602
91582
91574
91567
91556
91546
91546
91538
91533
91531
91528
91515
91511
91502
91492
91490
91462
91460
91454
91443
91433
91425
91417
91417
91412
91403
91385
91376
91362
91353
91343
91340
91328
91326
91322
91318
91296
91289
91289
91287
91269
91256
91253
91252
91237
91222
91222
91207
91187
91167
91166
91161
91157
91133
91125
91116
91107
91087
91083
91079
91077
91067
91060
91043
91030
91027
91018
91010
90993
90975
90975
90956
90955
90948
90924
90923
90923
90908
90906
90900
90890
90885
90881
90876
90868
90868
90826
90800
90794
90777
90762
90751
90742
90730
90718
90701
90676
90673
90664
90656
90636
90634
90623
90618
90581
90549
90510
90488
90488
90471
90464
90461
90452
90452
90449
90410
90379
90361
90359
90347
90321
90321
90315
90310
90301
90271
90267
90238
90232
90225
90204
90191
90188
90187
90184
90168
90135
90134
90113
90104
90104
90098
90097
90090
90087
90075
90074
90074
90071
90063
90030
90023
90007
89997
89936
89919
89916
89881
89870
89868
89860
89833
89830
89803
89782
89772
89768
89763
89761
89761
89734
89727
89726
89707
89702
89701
89697
89681
89672
89670
89670
89670
89660
89648
89627
89621
89607
89604
89586
89551
89549
89523
89512
89510
89509
89506
89488
89478
89472
89463
89458
89435
89427
89426
89422
89420
89403
89398
89395
89392
89389
89384
89374
89372
89367
89361
89299
89271
89264
89263
89258
89258
89256
89241
89201
89195
89181
89180
89171
89161
89159
89143
89140
89138
89114
89107
89104
89086
89072
89067
89055
89037
89025
89021
88994
88994
88991
88983
88979
88973
88968
88963
88927
88923
88920
88917
88898
88876
88851
88823
88814
88803
88792
88776
88775
88744
88708
88706
88693
88684
88668
88665
88660
88655
88644
88637
88616
88614
88614
88595
88583
88569
88567
88541
88526
88522
88519
88514
88512
88498
88496
88493
88490
88487
88472
88467
88466
88463
88451
88427
88425
88414
88414
88404
88399
88380
88380
88372
88364
88348
88342
88340
88334
88312
88310
88306
88284
88271
88251
88238
88235
88222
88212
88199
88194
88194
88184
88170
88155
88150
88139
88137
88101
88093
88081
88075
88068
88066
88064
88050
88025
88016
88015
88011
87994
87992
87989
87958
87956
87947
87924
87923
87921
87919
87911
87904
87890
87880
87853
87848
87846
87824
87813
87812
87800
87786
87785
87783
87782
87765
87763
87760
87757
87734
87726
87702
87682
87658
87656
87645
87632
87627
87625
87618
87613
87596
87590
87585
87556
87548
87544
87532
87520
87520
87519
87506
87479
87478
87459
87450
87421
87415
87414
87406
87404
87394
87392
87387
87387
87376
87365
87363
87357
87342
87341
87329
87324
87314
87308
87303
87297
87267
87253
87237
87230
87230
87227
87227
87222
87180
87176
87128
87100
87096
87094
87091
87082
87078
87075
87059
87053
87033
87016
87006
86998
86994
86980
86979
86970
86969
86967
86966
86964
86957
86950
86938
86938
86932
86922
86920
86914
86883
86876
86865
86851
86849
86833
86820
86813
86805
86791
86791
86775
86772
86758
86743
86718
86711
86692
86691
86677
86677
86662
86645
86637
86626
86624
86618
86613
86612
86603
86598
86597
86587
86582
86582
86581
86577
86575
86569
86540
86533
86522
86514
86513
86486
86484
86470
86464
86460
86441
86437
86432
86427
86415
86409
86396
86383
86382
86369
86368
86330
86324
86321
86315
86310
86309
86260
86252
86203
86196
86166
86155
86146
86144
86129
86119
86107
86099
86097
86090
86083
86083
86070
86056
86044
86043
86040
86034
86030
86028
86022
86013
86012
86008
86003
85981
85974
85951
85948
85942
85941
85929
85915
85910
85888
85882
85866
85866
85856
85856
85846
85830
85829
85803
85802
85796
85788
85782
85774
85768
85746
85734
85730
85693
85683
85683
85663
85662
85656
85639
85634
85618
85579
85559
85521
85506
85489
85476
85441
85441
85430
85408
85403
85399
85381
85371
85366
85349
85348
85345
85344
85344
85335
85321
85307
85294
85287
85263
85257
85250
85237
85237
85227
85219
85212
85204
85203
85179
85168
85155
85142
85123
85112
85111
85110
85093
85067
85057
85052
85036
85022
85001
84999
84984
84980
84961
84953
84931
84880
84879
84876
84871
84861
84830
84829
84827
84823
84788
84787
84757
84739
84725
84714
84714
84707
84692
84688
84685
84662
84661
84660
84657
84656
84655
84649
84647
84643
84635
84635
84622
84611
84607
84601
84598
84572
84561
84534
84529
84508
84449
84441
84433
84433
84432
84425
84418
84399
84398
84398
84386
84369
84357
84332
84305
84291
84276
84268
84254
84243
84239
84230
84229
84219
84206
84191
84179
84178
84177
84175
84160
84158
84154
84140
84134
84130
84128
84122
84116
84102
84101
84100
84091
84081
84075
84073
84055
84048
84043
84036
84034
84030
84015
84015
84007
84001
83997
83974
83950
83946
83940
83930
83928
83921
83914
83894
83893
83885
83873
83866
83861
83858
83855
83824
83823
83821
83821
83819
83802
83801
83798
83796
83791
83788
83778
83771
83767
83724
83720
83712
83703
83690
83684
83683
83675
83667
83665
83641
83624
83615
83611
83574
83573
83548
83539
83535
83524
83514
83502
83497
83489
83480
83461
83454
83432
83423
83420
83401
83387
83326
83325
83316
83308
83303
83286
83281
83258
83250
83245
83245
83244
83231
83229
83220
83216
83208
83189
83186
83179
83166
83149
83146
83133
83119
83118
83116
83104
83078
83069
83066
83064
83025
83015
83007
82980
82969
82968
82963
82962
82960
82943
82942
82922
82917
82913
82903
82902
82901
82889
82875
82870
82868
82865
82858
82852
82829
82814
82814
82804
82800
82778
82770
82770
82770
82769
82765
82748
82742
82731
82724
82721
82719
82717
82704
82681
82661
82651
82648
82627
82626
82607
82576
82557
82538
82533
82517
82515
82514
82514
82503
82493
82491
82459
82459
82452
82445
82444
82440
82429
82422
82420
82417
82416
82415
82413
82410
82400
82399
82388
82382
82369
82367
82360
82353
82346
82342
82325
82322
82301
82296
82262
82257
82255
82237
82226
82224
82213
82209
82202
82201
82200
82178
82167
82139
82130
82127
82103
82097
82097
82065
82055
82053
82043
82034
82006
81974
81964
81955
81950
81946
81922
81907
81898
81896
81887
81876
81865
81839
81828
81813
81807
81805
81804
81797
81788
81786
81773
81772
81770
81760
81759
81759
81757
81755
81751
81745
81740
81732
81721
81719
81709
81700
81698
81692
81641
81637
81619
81601
81591
81574
81558
81546
81531
81529
81522
81509
81502
81497
81494
81486
81485
81468
81467
81460
81403
81394
81392
81372
81363
81357
81354
81353
81351
81351
81344
81343
81340
81327
81321
81320
81318
81316
81305
81304
81263
81262
81223
81201
81170
81168
81117
81113
81096
81092
81091
81086
81082
81079
81077
81066
81052
81048
81046
81038
81023
81021
81016
81011
80995
80991
80991
80978
80962
80952
80938
80935
80924
80904
80873
80872
80846
80822
80822
80818
80802
80788
80787
80786
80766
80730
80720
80704
80702
80701
80696
80691
80680
80673
80657
80650
80641
80627
80625
80624
80614
80595
80583
80563
80563
80555
80554
80533
80528
80523
80522
80507
80498
80495
80493
80492
80476
80456
80448
80435
80421
80414
80402
80401
80400
80399
80390
80390
80379
80364
80356
80348
80344
80340
80335
80329
80328
80307
80295
80283
80269
80248
80247
80238
80234
80217
80214
80208
80206
80205
80189
80171
80170
80164
80135
80131
80130
80128
80127
80123
80122
80109
80103
80102
80092
80080
80071
80067
80063
80062
80059
80043
80018
80016
79999
79993
79978
79952
79944
79933
79924
79913
79893
79888
79885
79881
79878
79871
79870
79860
79858
79847
79837
79836
79832
79830
79826
79825
79800
79754
79734
79730
79726
79714
79713
79705
79699
79690
79688
79685
79683
79667
79651
79646
79633
79619
79609
79600
79570
79559
79558
79545
79522
79517
79508
79490
79452
79425
79422
79421
79380
79364
79361
79357
79349
79333
79329
79325
79324
79316
79308
79308
79300
79292
79286
79265
79261
79258
79257
79253
79250
79241
79220
79216
79211
79204
79198
79173
79169
79144
79141
79138
79138
79133
79132
79123
79112
79108
79086
79077
79075
79074
79061
79046
79039
79036
79027
79010
78993
78983
78982
78969
78967
78933
78931
78925
78918
78914
78907
78906
78848
78842
78832
78801
78797
78795
78773
78768
78742
78739
78729
78728
78721
78705
78705
78703
78697
78694
78693
78693
78685
78681
78665
78664
78654
78653
78648
78648
78630
78630
78605
78593
78582
78571
78567
78555
78550
78541
78521
78516
78510
78488
78473
78453
78450
78434
78432
78376
78355
78351
78344
78337
78332
78325
78325
78309
78307
78280
78273
78266
78252
78249
78248
78239
78235
78234
78231
78229
78219
78178
78167
78165
78134
78129
78113
78107
78106
78103
78097
78091
78085
78076
78066
78059
78055
78040
78037
78035
78035
78025
78019
78009
77994
77977
77948
77935
77930
77904
77904
77891
77889
77880
77851
77851
77847
77819
77811
77787
77776
77771
77759
77754
77727
77723
77713
77712
77706
77703
77703
77681
77679
77676
77675
77661
77654
77644
77628
77626
77615
77614
77590
77589
77585
77584
77566
77563
77561
77557
77543
77518
77517
77498
77481
77475
77472
77469
77464
77459
77434
77393
77389
77369
77366
77361
77356
77345
77338
77334
77330
77329
77326
77320
77309
77277
77254
77241
77231
77217
77179
77166
77148
77141
77135
77124
77120
77117
77090
77085
77080
77078
77071
77068
77057
77055
77052
77044
77037
77036
77036
77035
77035
77016
76988
76980
76974
76963
76961
76945
76931
76911
76899
76899
76894
76893
76889
76880
76876
76872
76861
76849
76844
76836
76821
76818
76799
76797
76796
76793
76790
76787
76776
76775
76775
76766
76762
76747
76738
76737
76728
76726
76712
76699
76688
76686
76685
76682
76681
76651
76644
76638
76630
76619
76581
76565
76560
76556
76553
76545
76543
76541
76522
76514
76512
76467
76462
76457
76445
76443
76433
76427
76418
76413
76410
76404
76402
76390
76372
76365
76355
76351
76343
76341
76292
76289
76255
76252
76242
76237
76234
76208
76192
76170
76165
76159
76149
76146
76124
76117
76098
76092
76042
76035
76011
75996
75995
75982
75981
75975
75974
75943
75942
75932
75914
75908
75903
75895
75894
75891
75889
75877
75871
75862
75860
75845
75845
75822
75816
75808
75793
75791
75789
75781
75779
75772
75744
75704
75692
75691
75678
75676
75663
75661
75636
75634
75628
75624
75607
75603
75589
75585
75573
75569
75554
75549
75524
75493
75485
75479
75469
75455
75450
75449
75444
75442
75431
75428
75425
75413
75391
75387
75377
75377
75373
75373
75361
75349
75343
75316
75313
75309
75308
75296
75295
75291
75265
75264
75257
75235
75227
75219
75211
75205
75198
75192
75191
75119
75116
75104
75099
75098
75097
75089
75087
75063
75057
75031
75028
75027
75027
75019
75015
74987
74984
74978
74977
74973
74957
74930
74921
74913
74908
74885
74877
74861
74859
74851
74844
74826
74823
74815
74792
74792
74787
74761
74727
74722
74692
74654
74648
74630
74613
74582
74560
74537
74537
74510
74502
74498
74461
74460
74453
74439
74419
74413
74402
74392
74390
74386
74334
74331
74319
74317
74303
74286
74286
74285
74269
74250
74238
74237
74227
74194
74180
74175
74169
74165
74141
74140
74129
74127
74122
74116
74113
74090
74084
74080
74072
74066
74065
74044
74043
74038
74032
74004
73977
73970
73956
73954
73940
73939
73922
73920
73906
73906
73899
73895
73865
73864
73845
73840
73832
73832
73823
73794
73778
73770
73760
73754
73751
73728
73719
73708
73700
73696
73684
73677
73675
73673
73672
73666
73662
73661
73652
73645
73645
73621
73617
73600
73596
73591
73581
73574
73572
73572
73564
73560
73554
73547
73543
73531
73516
73514
73498
73484
73482
73480
73471
73456
73455
73449
73435
73431
73423
73422
73416
73411
73379
73364
73348
73343
73330
73330
73326
73323
73319
73317
73286
73271
73270
73263
73256
73255
73250
73244
73241
73235
73220
73217
73214
73214
73205
73193
73178
73173
73161
73143
73139
73139
73120
73115
73111
73107
73098
73092
73085
73078
73053
73041
73023
73018
73013
73002
72999
72997
72996
72993
72973
72972
72971
72959
72933
72905
72893
72892
72871
72866
72860
72844
72837
72833
72816
72814
72812
72810
72795
72767
72762
72741
72737
72723
72697
72687
72682
72673
72662
72644
72630
72629
72622
72617
72614
72600
72590
72565
72556
72551
72530
72519
72513
72510
72494
72478
72465
72453
72441
72438
72419
72419
72403
72401
72388
72374
72358
72357
72350
72327
72317
72317
72312
72306
72293
72291
72284
72284
72267
72264
72262
72220
72192
72186
72180
72166
72160
72159
72152
72136
72130
72122
72119
72119
72115
72093
72088
72077
72077
72076
72075
72053
72047
72041
72026
72025
72023
72019
72009
71993
71988
71980
71971
71970
71968
71967
71952
71937
71918
71908
71908
71903
71900
71892
71851
71838
71834
71809
71797
71774
71772
71747
71735
71734
71723
71723
71718
71712
71707
71698
71672
71672
71668
71655
71652
71637
71630
71627
71625
71621
71603
71599
71588
71587
71582
71577
71566
71547
71540
71532
71531
71526
71523
71518
71514
71508
71501
71485
71473
71470
71462
71456
71454
71452
71419
71415
71412
71411
71404
71370
71370
71366
71361
71354
71352
71349
71347
71332
71331
71328
71314
71305
71292
71292
71286
71284
71263
71254
71251
71245
71217
71214
71205
71204
71202
71200
71178
71170
71163
71150
71147
71145
71132
71124
71112
71107
71107
71104
71103
71093
71088
71088
71085
71077
71076
71069
71068
71053
71051
71050
71034
71020
70990
70958
70947
70940
70940
70934
70902
70901
70893
70884
70877
70876
70869
70868
70858
70850
70843
70809
70784
70775
70763
70757
70753
70749
70733
70721
70707
70682
70681
70677
70673
70654
70647
70646
70644
70636
70609
70580
70579
70576
70570
70567
70567
70546
70537
70532
70512
70502
70500
70499
70496
70493
70470
70469
70463
70447
70443
70421
70384
70381
70379
70376
70364
70343
70320
70311
70311
70304
70294
70284
70273
70273
70268
70252
70242
70241
70236
70215
70211
70196
70191
70187
70164
70162
70149
70147
70145
70144
70144
70137
70084
70048
70016
69996
69988
69987
69980
69969
69956
69940
69909
69882
69877
69872
69869
69865
69856
69817
69804
69786
69781
69780
69771
69762
69753
69746
69719
69679
69674
69662
69657
69656
69647
69641
69636
69625
69613
69606
69597
69585
69578
69546
69539
69534
69520
69516
69501
69500
69489
69483
69469
69461
69458
69447
69447
69435
69431
69425
69420
69411
69394
69375
69355
69340
69338
69296
69285
69271
69262
69253
69248
69245
69223
69223
69219
69219
69216
69200
69190
69149
69146
69142
69133
69126
69120
69115
69104
69099
69095
69087
69082
69081
69072
69055
69041
69024
69006
68977
68974
68950
68938
68931
68930
68920
68919
68908
68908
68895
68889
68875
68874
68855
68843
68821
68791
68764
68759
68741
68738
68733
68730
68703
68697
68692
68681
68677
68667
68665
68645
68644
68639
68621
68615
68598
68596
68595
68569
68562
68496
68493
68486
68483
68459
68444
68434
68416
68365
68340
68335
68333
68320
68315
68309
68304
68301
68297
68296
68291
68289
68287
68282
68279
68277
68259
68254
68254
68253
68224
68217
68188
68185
68184
68179
68143
68129
68128
68115
68102
68096
68094
68082
68076
68063
68062
68056
68054
68016
68011
68000
67998
67997
67984
67954
67947
67943
67939
67936
67930
67916
67913
67911
67911
67891
67889
67888
67880
67877
67874
67872
67857
67839
67838
67830
67826
67801
67773
67769
67762
67756
67751
67740
67710
67705
67703
67700
67698
67697
67693
67683
67682
67672
67661
67647
67608
67604
67589
67570
67564
67555
67553
67544
67543
67542
67523
67518
67516
67513
67485
67476
67474
67474
67469
67446
67443
67441
67437
67426
67423
67406
67405
67394
67376
67375
67374
67372
67364
67353
67341
67340
67319
67272
67261
67261
67239
67235
67234
67232
67222
67220
67219
67213
67202
67200
67200
67200
67178
67153
67141
67140
67128
67125
67119
67100
67092
67077
67073
67052
67051
67046
67039
67018
67010
67006
67005
66982
66969
66965
66962
66961
66952
66951
66947
66912
66896
66890
66890
66885
66871
66869
66860
66854
66845
66843
66820
66819
66815
66808
66783
66748
66745
66709
66684
66684
66683
66663
66658
66649
66642
66639
66606
66604
66602
66599
66593
66577
66550
66549
66538
66528
66466
66466
66462
66458
66455
66446
66437
66415
66412
66396
66382
66381
66368
66358
66316
66308
66292
66276
66267
66259
66257
66243
66217
66217
66215
66207
66205
66200
66176
66160
66159
66158
66147
66139
66138
66137
66134
66115
66113
66113
66108
66107
66105
66098
66095
66074
66069
66048
66048
66035
66025
66010
66002
65996
65980
65965
65953
65944
65943
65942
65936
65931
65923
65914
65910
65905
65901
65900
65898
65893
65868
65866
65859
65858
65858
65856
65847
65847
65844
65836
65834
65828
65815
65804
65800
65786
65780
65768
65751
65746
65743
65743
65741
65712
65712
65704
65700
65690
65660
65658
65656
65652
65651
65635
65621
65617
65611
65611
65608
65599
65583
65582
65559
65553
65551
65534
65534
65521
65514
65507
65500
65490
65483
65474
65464
65461
65460
65452
65426
65409
65392
65383
65380
65379
65345
65344
65327
65323
65323
65320
65320
65306
65292
65281
65259
65258
65255
65247
65230
65220
65211
65189
65186
65186
65165
65165
65130
65124
65115
65114
65109
65090
65075
65065
65059
65049
65018
64996
64987
64984
64973
64961
64954
64947
64942
64909
64889
64883
64873
64867
64843
64839
64837
64821
64787
64773
64770
64763
64756
64747
64746
64700
64697
64688
64686
64679
64667
64644
64632
64603
64603
64591
64590
64589
64568
64566
64562
64553
64526
64522
64513
64512
64508
64500
64500
64469
64453
64452
64450
64440
64440
64438
64433
64431
64385
64381
64377
64362
64361
64357
64339
64334
64299
64298
64285
64267
64259
64258
64250
64244
64239
64239
64219
64214
64199
64198
64181
64179
64171
64168
64153
64137
64137
64102
64093
64089
64044
64015
64009
64009
64008
64006
63992
63988
63987
63986
63985
63956
63940
63935
63931
63917
63915
63901
63896
63888
63879
63868
63866
63854
63834
63815
63804
63804
63791
63791
63788
63785
63768
63765
63761
63751
63726
63720
63711
63687
63680
63670
63666
63603
63586
63570
63539
63538
63534
63529
63520
63508
63437
63423
63415
63414
63406
63401
63394
63393
63386
63340
63336
63334
63332
63325
63321
63292
63290
63271
63263
63246
63205
63181
63175
63173
63159
63159
63157
63149
63143
63111
63109
63105
63101
63082
63078
63073
63058
63046
63044
63037
63019
63013
63009
63003
63003
62980
62972
62971
62971
62967
62959
62951
62948
62931
62897
62861
62844
62836
62826
62825
62825
62818
62817
62788
62764
62762
62755
62748
62714
62699
62694
62690
62675
62673
62671
62664
62658
62656
62642
62636
62605
62583
62580
62575
62565
62543
62540
62535
62530
62496
62488
62471
62471
62458
62449
62443
62431
62423
62420
62416
62410
62400
62392
62387
62369
62363
62354
62343
62320
62313
62311
62309
62306
62298
62294
62287
62284
62282
62275
62270
62258
62232
62176
62162
62134
62133
62069
62066
62049
62038
62035
62017
62012
62012
62010
62002
61999
61987
61973
61965
61960
61953
61951
61950
61944
61936
61933
61930
61927
61911
61906
61893
61886
61881
61872
61866
61863
61862
61836
61825
61819
61809
61809
61802
61799
61791
61765
61764
61745
61743
61737
61725
61721
61717
61712
61703
61702
61691
61683
61682
61672
61670
61659
61655
61651
61647
61638
61634
61629
61620
61609
61602
61601
61594
61593
61593
61590
61587
61577
61563
61541
61502
61496
61463
61449
61446
61445
61417
61414
61412
61384
61382
61376
61374
61348
61348
61344
61330
61290
61288
61276
61275
61273
61264
61224
61200
61194
61187
61184
61181
61179
61176
61154
61146
61143
61142
61096
61094
61094
61067
61067
61059
61049
61045
61029
61025
61021
61015
61014
61013
61011
61010
61010
60975
60959
60958
60925
60919
60904
60890
60878
60869
60859
60856
60849
60821
60809
60808
60769
60767
60760
60747
60734
60733
60728
60713
60708
60704
60703
60703
60702
60691
60680
60663
60656
60654
60652
60649
60638
60634
60631
60607
60598
60593
60590
60587
60539
60519
60495
60495
60490
60470
60460
60457
60434
60430
60421
60405
60394
60390
60383
60366
60347
60346
60334
60320
60300
60296
60296
60287
60274
60274
60241
60218
60209
60183
60180
60167
60155
60152
60133
60133
60128
60127
60125
60102
60081
60077
60041
60040
60037
60035
60030
60023
60004
59984
59978
59977
59976
59972
59972
59971
59959
59955
59947
59921
59910
59909
59904
59903
59884
59878
59852
59852
59786
59783
59765
59756
59754
59744
59742
59735
59728
59725
59717
59717
59717
59716
59691
59683
59665
59665
59645
59645
59645
59628
59609
59606
59594
59593
59584
59579
59571
59569
59565
59563
59547
59546
59544
59532
59518
59512
59508
59488
59478
59472
59462
59453
59430
59427
59394
59380
59380
59380
59359
59352
59351
59350
59346
59334
59331
59324
59319
59316
59314
59283
59242
59232
59229
59229
59227
59200
59157
59149
59146
59138
59132
59125
59123
59121
59115
59110
59107
59105
59101
59091
59088
59087
59073
59007
58992
58988
58981
58980
58958
58953
58949
58938
58924
58920
58917
58917
58909
58899
58896
58896
58894
58886
58883
58881
58870
58868
58866
58865
58855
58854
58850
58830
58808
58808
58775
58751
58739
58739
58729
58722
58714
58711
58706
58701
58701
58701
58700
58688
58687
58675
58670
58665
58661
58660
58642
58628
58612
58597
58587
58574
58569
58569
58567
58565
58565
58560
58553
58548
58545
58543
58539
58532
58529
58529
58505
58503
58501
58493
58489
58487
58481
58462
58455
58449
58407
58405
58383
58380
58365
58352
58341
58338
58335
58333
58314
58301
58286
58246
58226
58221
58189
58185
58182
58181
58180
58137
58120
58101
58082
58076
58024
58013
58003
57995
57979
57969
57964
57926
57915
57904
57899
57887
57885
57867
57863
57862
57859
57855
57855
57852
57848
57841
57829
57821
57814
57796
57760
57756
57754
57735
57729
57719
57712
57703
57700
57696
57682
57659
57658
57655
57625
57620
57619
57610
57604
57581
57554
57544
57529
57526
57522
57521
57520
57514
57513
57504
57496
57492
57485
57481
57477
57474
57465
57459
57455
57453
57450
57450
57431
57423
57417
57414
57407
57405
57403
57403
57402
57398
57384
57380
57352
57352
57349
57335
57322
57320
57317
57309
57296
57294
57287
57270
57268
57267
57267
57253
57250
57229
57213
57211
57203
57164
57158
57146
57133
57132
57046
57042
57041
57039
57038
57034
57034
57023
57022
57020
57007
56993
56981
56978
56963
56958
56947
56942
56924
56914
56912
56910
56907
56889
56882
56874
56848
56841
56836
56826
56805
56800
56800
56791
56783
56782
56777
56764
56756
56754
56754
56750
56745
56737
56734
56727
56726
56725
56719
56692
56683
56671
56669
56657
56651
56646
56632
56624
56617
56605
56604
56596
56577
56553
56553
56523
56513
56496
56492
56484
56484
56465
56459
56449
56418
56416
56409
56393
56385
56381
56342
56335
56331
56322
56281
56277
56273
56264
56251
56250
56249
56242
56233
56216
56195
56192
56186
56183
56182
56179
56177
56142
56141
56101
56099
56087
56080
56077
56067
56052
56049
55990
55988
55956
55954
55954
55947
55941
55922
55920
55919
55919
55916
55916
55916
55913
55911
55910
55903
55855
55854
55854
55849
55841
55834
55834
55797
55783
55780
55769
55764
55762
55742
55735
55734
55733
55727
55723
55714
55706
55691
55680
55672
55669
55667
55649
55640
55637
55631
55564
55545
55542
55541
55518
55495
55489
55488
55485
55471
55471
55468
55453
55449
55446
55421
55405
55369
55369
55360
55334
55311
55303
55296
55275
55272
55268
55248
55239
55234
55233
55227
55222
55215
55183
55172
55163
55157
55156
55151
55146
55133
55096
55077
55070
55048
55037
55037
55023
55020
55003
54998
54990
54990
54989
54978
54977
54966
54958
54950
54947
54924
54918
54916
54914
54910
54906
54906
54869
54860
54851
54843
54837
54830
54796
54791
54776
54750
54748
54740
54732
54732
54729
54729
54726
54720
54714
54713
54710
54704
54704
54685
54680
54660
54642
54632
54624
54623
54611
54606
54599
54598
54589
54580
54545
54541
54536
54534
54527
54523
54499
54496
54476
54472
54470
54467
54464
54444
54405
54404
54402
54401
54395
54375
54374
54370
54361
54357
54352
54337
54331
54327
54307
54303
54293
54292
54258
54255
54252
54248
54222
54214
54213
54200
54192
54164
54130
54117
54089
54081
54074
54074
54057
54044
54043
54040
54035
54027
54020
53991
53972
53966
53961
53958
53941
53941
53920
53910
53895
53885
53882
53863
53854
53849
53848
53842
53841
53837
53835
53833
53828
53820
53810
53805
53805
53805
53786
53778
53776
53764
53762
53752
53715
53705
53660
53653
53652
53650
53644
53629
53617
53607
53604
53601
53593
53587
53566
53560
53556
53548
53544
53542
53519
53509
53508
53497
53496
53482
53477
53468
53448
53434
53433
53414
53402
53393
53379
53365
53361
53359
53347
53344
53315
53300
53292
53271
53260
53256
53253
53250
53218
53184
53150
53149
53098
53089
53076
53072
53071
53071
53058
53046
53045
53044
53032
53015
53011
52986
52983
52972
52963
52954
52945
52945
52936
52926
52897
52895
52894
52886
52846
52842
52828
52811
52801
52788
52777
52763
52757
52746
52742
52737
52730
52730
52729
52722
52710
52707
52701
52693
52684
52683
52682
52674
52664
52648
52641
52636
52625
52613
52606
52605
52603
52559
52556
52529
52527
52524
52522
52522
52516
52469
52465
52458
52457
52448
52447
52410
52407
52403
52400
52393
52370
52349
52339
52321
52285
52284
52282
52275
52272
52264
52255
52253
52250
52242
52236
52206
52199
52198
52196
52195
52188
52187
52180
52180
52179
52167
52153
52109
52103
52088
52076
52056
52054
52053
52049
52020
51981
51980
51937
51913
51911
51909
51902
51890
51890
51883
51881
51879
51875
51869
51836
51827
51823
51822
51810
51809
51807
51793
51780
51777
51762
51744
51741
51740
51730
51730
51717
51690
51688
51688
51677
51669
51644
51639
51626
51605
51601
51600
51600
51600
51598
51592
51562
51561
51559
51545
51519
51515
51511
51511
51509
51483
51469
51467
51453
51452
51446
51445
51442
51440
51437
51426
51423
51373
51362
51356
51341
51255
51254
51239
51212
51200
51193
51188
51178
51161
51154
51137
51133
51123
51109
51106
51101
51083
51067
51039
51007
51003
51001
50999
50993
50985
50970
50961
50955
50944
50942
50918
50914
50910
50904
50878
50870
50862
50848
50843
50835
50818
50814
50804
50787
50779
50765
50728
50726
50698
50683
50675
50671
50654
50648
50646
50644
50640
50629
50608
50606
50606
50603
50594
50591
50582
50577
50567
50555
50549
50543
50528
50514
50507
50492
50491
50480
50476
50448
50429
50420
50413
50406
50394
50390
50388
50378
50361
50359
50359
50351
50338
50337
50335
50332
50304
50281
50270
50257
50223
50214
50213
50185
50170
50166
50159
50144
50137
50137
50134
50127
50096
50081
50072
50066
50056
50056
50028
50013
50004
49995
49978
49975
49958
49934
49931
49915
49901
49885
49881
49862
49847
49839
49821
49812
49812
49812
49787
49770
49759
49757
49742
49719
49708
49669
49636
49627
49613
49605
49545
49538
49524
49521
49514
49499
49489
49461
49440
49424
49423
49408
49402
49400
49396
49384
49375
49358
49346
49339
49332
49325
49316
49306
49289
49288
49270
49247
49227
49201
49197
49170
49167
49164
49157
49138
49122
49093
49082
49081
49075
49052
49035
49019
49016
49008
48993
48977
48953
48951
48946
48941
48919
48879
48878
48854
48853
48844
48838
48828
48821
48811
48809
48807
48805
48804
48791
48790
48774
48767
48762
48732
48731
48729
48711
48698
48694
48668
48664
48646
48621
48609
48601
48592
48579
48576
48573
48558
48544
48540
48534
48518
48516
48516
48487
48475
48464
48430
48428
48427
48424
48421
48419
48398
48395
48377
48376
48361
48347
48337
48336
48324
48322
48317
48300
48293
48288
48271
48266
48249
48227
48221
48216
48195
48192
48192
48156
48138
48120
48092
48088
48082
48082
48071
48070
48052
48039
48037
48019
47998
47994
47992
47986
47981
47981
47978
47971
47961
47938
47920
47915
47913
47909
47905
47865
47855
47855
47854
47851
47842
47838
47826
47824
47821
47810
47810
47805
47799
47781
47780
47779
47771
47765
47745
47739
47724
47708
47701
47700
47695
47692
47691
47682
47682
47681
47679
47671
47662
47650
47650
47639
47630
47630
47607
47590
47587
47547
47524
47520
47516
47514
47510
47506
47504
47502
47470
47468
47453
47446
47430
47417
47415
47401
47399
47367
47358
47339
47328
47323
47313
47312
47305
47304
47282
47281
47266
47254
47254
47247
47243
47242
47239
47235
47224
47222
47219
47218
47210
47209
47199
47194
47193
47189
47188
47184
47181
47168
47152
47135
47117
47113
47108
47099
47096
47076
47075
47074
47069
47065
47060
47048
47024
47023
47017
47008
46999
46995
46984
46979
46978
46972
46959
46958
46956
46954
46936
46907
46900
46880
46879
46877
46858
46846
46833
46831
46829
46828
46807
46799
46791
46790
46787
46781
46779
46774
46749
46743
46702
46699
46694
46694
46694
46651
46644
46643
46640
46563
46562
46559
46542
46524
46524
46519
46516
46515
46504
46503
46497
46491
46490
46485
46484
46479
46463
46463
46460
46452
46425
46415
46412
46388
46381
46378
46377
46370
46369
46368
46360
46355
46339
46330
46329
46323
46301
46299
46284
46276
46275
46268
46253
46246
46240
46206
46197
46190
46188
46139
46127
46122
46121
46120
46109
46100
46091
46085
46071
46057
46051
46051
46031
46023
46008
46007
45992
45980
45970
45964
45947
45945
45944
45934
45917
45910
45900
45893
45879
45872
45869
45866
45866
45863
45846
45839
45831
45819
45809
45808
45795
45781
45755
45754
45747
45738
45733
45718
45693
45678
45666
45665
45656
45656
45653
45622
45617
45615
45599
45599
45590
45586
45580
45577
45573
45568
45565
45564
45557
45554
45536
45532
45523
45520
45507
45494
45487
45485
45478
45454
45451
45435
45435
45429
45419
45414
45402
45397
45392
45351
45310
45307
45303
45294
45288
45259
45253
45253
45243
45227
45221
45219
45209
45196
45181
45166
45156
45156
45151
45150
45145
45137
45130
45128
45126
45093
45075
45061
45043
45036
45035
45028
45021
45015
45003
45000
44992
44990
44987
44982
44982
44966
44963
44959
44954
44917
44898
44887
44884
44852
44844
44841
44841
44839
44835
44832
44820
44820
44819
44814
44808
44789
44788
44767
44754
44733
44733
44732
44730
44710
44706
44701
44687
44683
44673
44663
44662
44662
44661
44640
44633
44628
44627
44613
44612
44605
44568
44555
44549
44546
44543
44541
44536
44534
44512
44511
44500
44463
44459
44434
44430
44410
44409
44405
44402
44396
44388
44381
44371
44360
44341
44319
44306
44305
44301
44290
44286
44274
44256
44250
44214
44209
44197
44195
44194
44188
44174
44162
44162
44151
44145
44135
44130
44126
44110
44106
44102
44101
44080
44075
44044
44039
44031
43996
43990
43987
43982
43978
43971
43932
43915
43914
43910
43868
43868
43860
43854
43846
43825
43822
43820
43815
43812
43810
43805
43763
43755
43747
43731
43724
43711
43705
43701
43684
43674
43654
43651
43647
43646
43644
43623
43623
43604
43604
43604
43590
43588
43583
43582
43573
43545
43544
43544
43522
43511
43498
43494
43478
43472
43465
43463
43455
43447
43446
43445
43444
43441
43437
43432
43427
43425
43420
43384
43369
43358
43349
43280
43270
43267
43237
43227
43225
43222
43220
43217
43207
43204
43203
43190
43181
43160
43153
43136
43128
43124
43106
43101
43099
43090
43089
43087
43081
43065
43060
43056
43051
43047
43041
43037
43007
42999
42989
42982
42976
42963
42961
42956
42941
42929
42917
42913
42908
42896
42895
42873
42873
42832
42829
42810
42805
42802
42795
42780
42735
42735
42715
42707
42691
42650
42644
42643
42636
42622
42619
42614
42609
42600
42598
42593
42582
42573
42559
42554
42552
42525
42524
42508
42503
42485
42482
42476
42473
42445
42440
42389
42362
42345
42317
42317
42316
42300
42280
42261
42255
42254
42231
42213
42176
42162
42149
42143
42135
42127
42120
42116
42115
42108
42102
42061
42059
42057
42052
42047
42043
42033
42032
42028
42014
41996
41989
41984
41972
41953
41944
41927
41900
41893
41886
41873
41854
41852
41843
41837
41833
41830
41822
41819
41817
41817
41816
41809
41801
41792
41789
41787
41787
41763
41759
41714
41698
41675
41665
41661
41658
41649
41642
41630
41622
41612
41604
41596
41590
41587
41587
41579
41573
41548
41543
41534
41514
41514
41506
41501
41500
41495
41493
41482
41473
41465
41460
41444
41442
41440
41439
41438
41437
41432
41424
41416
41372
41363
41339
41336
41316
41307
41289
41282
41268
41251
41238
41231
41227
41224
41213
41209
41208
41205
41201
41199
41198
41186
41179
41177
41155
41141
41130
41126
41120
41101
41094
41092
41087
41082
41066
41039
41035
41003
40998
40997
40996
40994
40986
40983
40966
40957
40945
40937
40931
40923
40923
40914
40861
40850
40836
40833
40832
40797
40794
40770
40755
40713
40705
40699
40691
40682
40678
40674
40666
40661
40645
40620
40610
40609
40603
40598
40597
40581
40561
40555
40546
40540
40538
40533
40508
40500
40493
40490
40471
40465
40449
40447
40438
40412
40409
40407
40405
40404
40393
40392
40371
40365
40364
40362
40338
40337
40334
40321
40320
40318
40307
40304
40300
40280
40277
40274
40272
40265
40257
40248
40242
40210
40194
40185
40161
40148
40140
40139
40137
40137
40135
40129
40115
40104
40094
40094
40073
40053
40036
40025
39991
39987
39966
39965
39959
39952
39948
39947
39942
39939
39926
39909
39893
39890
39844
39822
39791
39777
39764
39756
39747
39731
39728
39714
39698
39689
39686
39681
39671
39667
39663
39622
39607
39593
39554
39553
39544
39543
39535
39531
39527
39524
39513
39486
39464
39440
39437
39433
39422
39418
39410
39398
39380
39370
39357
39337
39335
39314
39297
39294
39288
39283
39264
39261
39261
39249
39247
39240
39230
39228
39216
39215
39201
39193
39189
39175
39138
39137
39126
39120
39120
39116
39097
39094
39086
39064
39060
39059
39057
38994
38968
38945
38929
38918
38899
38890
38866
38862
38851
38838
38836
38824
38816
38814
38798
38797
38762
38760
38743
38730
38721
38713
38681
38675
38668
38659
38659
38656
38650
38632
38627
38624
38622
38618
38601
38586
38582
38571
38561
38556
38534
38525
38512
38509
38491
38489
38476
38470
38465
38463
38459
38441
38405
38399
38399
38380
38363
38353
38341
38340
38331
38315
38295
38293
38283
38282
38280
38260
38250
38217
38215
38214
38192
38181
38181
38172
38169
38152
38147
38127
38122
38121
38095
38074
38053
37998
37976
37967
37955
37941
37924
37915
37915
37912
37903
37886
37874
37872
37846
37843
37838
37819
37816
37813
37813
37803
37802
37801
37791
37781
37777
37761
37758
37756
37731
37729
37727
37715
37705
37699
37696
37695
37685
37665
37646
37627
37621
37614
37614
37611
37607
37591
37581
37577
37574
37560
37557
37539
37526
37513
37494
37493
37482
37477
37464
37448
37442
37440
37420
37419
37417
37403
37398
37393
37393
37387
37384
37379
37377
37374
37365
37361
37355
37347
37330
37300
37287
37286
37279
37277
37276
37256
37239
37233
37228
37220
37219
37176
37175
37155
37142
37130
37121
37116
37112
37104
37096
37071
37059
37056
37055
37054
37044
37039
37014
37013
37006
37001
36997
36996
36987
36983
36969
36967
36961
36956
36955
36951
36945
36915
36905
36903
36898
36892
36888
36887
36884
36867
36850
36843
36843
36842
36838
36825
36815
36805
36803
36795
36789
36768
36761
36747
36740
36738
36723
36706
36684
36682
36656
36652
36651
36638
36631
36618
36612
36601
36598
36589
36576
36557
36554
36547
36538
36529
36526
36525
36510
36497
36468
36466
36417
36410
36404
36399
36397
36394
36386
36386
36374
36374
36370
36365
36340
36319
36313
36301
36301
36297
36295
36292
36290
36283
36250
36241
36231
36209
36193
36192
36180
36179
36178
36177
36161
36148
36145
36135
36115
36000
35995
35994
35990
35953
35951
35941
35932
35921
35916
35898
35893
35889
35863
35855
35805
35800
35783
35757
35753
35746
35714
35713
35712
35711
35709
35699
35686
35680
35679
35678
35660
35658
35649
35631
35623
35618
35601
35584
35563
35558
35557
35556
35552
35550
35547
35529
35520
35504
35489
35467
35460
35459
35454
35407
35389
35388
35382
35366
35351
35301
35300
35298
35293
35274
35266
35261
35249
35238
35188
35179
35166
35161
35157
35156
35149
35137
35130
35077
35074
35073
35072
35066
35062
35049
35049
35043
35037
35034
35034
35027
34997
34996
34988
34982
34980
34978
34955
34954
34953
34935
34930
34906
34906
34896
34896
34886
34880
34876
34867
34860
34852
34848
34829
34820
34814
34811
34793
34787
34781
34769
34735
34735
34716
34690
34690
34689
34687
34686
34685
34676
34666
34663
34658
34655
34654
34652
34650
34646
34642
34641
34633
34628
34621
34613
34610
34604
34598
34585
34568
34552
34545
34526
34512
34507
34506
34504
34490
34488
34488
34488
34480
34475
34458
34448
34448
34446
34405
34394
34383
34377
34371
34371
34370
34366
34365
34364
34357
34352
34346
34337
34332
34330
34321
34315
34315
34310
34298
34284
34272
34241
34235
34233
34201
34167
34152
34137
34133
34127
34124
34118
34116
34099
34089
34060
34055
34054
34053
34047
34030
34027
34024
34018
34007
34001
34000
33984
33984
33978
33969
33954
33953
33941
33932
33929
33921
33916
33905
33899
33879
33872
33858
33858
33809
33802
33793
33787
33786
33755
33752
33747
33745
33737
33728
33725
33721
33720
33715
33713
33705
33698
33692
33678
33659
33649
33638
33616
33611
33609
33592
33575
33567
33539
33530
33528
33522
33520
33511
33498
33465
33461
33433
33423
33422
33416
33395
33393
33393
33380
33377
33365
33363
33356
33338
33329
33322
33309
33285
33259
33252
33237
33233
33232
33227
33215
33205
33178
33171
33162
33159
33158
33148
33134
33125
33066
33058
33016
33010
33005
33002
32993
32990
32989
32984
32977
32957
32956
32955
32932
32930
32924
32923
32916
32911
32901
32889
32883
32871
32861
32850
32845
32826
32802
32801
32796
32796
32787
32785
32779
32777
32767
32756
32747
32745
32727
32726
32725
32712
32701
32661
32658
32652
32632
32630
32622
32618
32608
32574
32572
32566
32562
32561
32561
32551
32548
32532
32482
32481
32467
32455
32435
32408
32397
32381
32349
32335
32334
32331
32329
32324
32314
32310
32292
32278
32265
32256
32247
32237
32206
32193
32187
32182
32178
32142
32135
32106
32074
32065
32065
32042
32038
32037
32029
32008
31983
31962
31957
31949
31943
31936
31910
31873
31871
31851
31851
31838
31835
31825
31814
31800
31783
31769
31760
31754
31748
31721
31682
31682
31674
31666
31664
31650
31644
31632
31604
31602
31587
31584
31581
31563
31562
31560
31560
31534
31504
31502
31484
31480
31474
31460
31444
31432
31407
31371
31363
31355
31352
31343
31338
31323
31317
31307
31295
31292
31271
31267
31262
31241
31236
31235
31235
31226
31223
31213
31189
31187
31166
31157
31137
31110
31109
31107
31107
31105
31079
31045
31033
31020
31014
31013
30991
30986
30984
30973
30968
30953
30947
30935
30921
30909
30906
30901
30898
30884
30874
30866
30859
30848
30799
30793
30780
30776
30767
30766
30758
30755
30739
30714
30714
30690
30678
30673
30657
30640
30637
30630
30625
30616
30603
30591
30590
30573
30571
30570
30564
30557
30553
30552
30523
30516
30514
30497
30497
30490
30480
30476
30442
30438
30430
30429
30399
30393
30390
30363
30350
30341
30330
30329
30316
30315
30311
30300
30281
30276
30253
30246
30239
30227
30208
30171
30168
30163
30154
30145
30135
30128
30103
30101
30092
30083
30083
30076
30075
30070
30058
30053
30049
30047
30032
30031
30026
30016
30005
29992
29991
29983
29976
29968
29951
29947
29943
29940
29919
29895
29880
29865
29860
29847
29824
29816
29815
29813
29804
29801
29794
29778
29767
29766
29765
29740
29709
29691
29688
29688
29677
29670
29657
29643
29619
29617
29616
29606
29599
29596
29584
29579
29569
29568
29552
29543
29543
29529
29520
29506
29499
29489
29471
29458
29408
29408
29379
29323
29310
29295
29292
29286
29271
29263
29257
29248
29246
29239
29216
29210
29194
29180
29135
29128
29104
29084
29059
29044
29025
29024
29010
29002
28971
28960
28956
28943
28929
28912
28900
28895
28879
28872
28863
28852
28851
28807
28774
28766
28760
28760
28759
28739
28719
28706
28695
28680
28675
28674
28673
28672
28653
28643
28643
28641
28636
28626
28618
28604
28592
28554
28551
28549
28528
28510
28473
28470
28469
28452
28451
28443
28440
28439
28428
28420
28416
28415
28412
28411
28380
28379
28377
28367
28364
28351
28331
28330
28329
28328
28318
28291
28289
28280
28268
28244
28238
28206
28204
28198
28196
28169
28136
28124
28120
28117
28117
28102
28100
28095
28091
28080
28078
28077
28066
28060
28057
28057
28042
28027
28021
28019
28015
28009
27977
27964
27952
27929
27914
27903
27895
27868
27864
27837
27832
27808
27781
27760
27759
27752
27723
27693
27687
27681
27660
27656
27647
27638
27620
27614
27605
27604
27574
27566
27554
27520
27519
27495
27476
27458
27449
27446
27431
27411
27407
27381
27375
27358
27355
27342
27334
27310
27299
27274
27271
27262
27261
27253
27243
27238
27217
27207
27198
27181
27170
27168
27165
27163
27153
27150
27148
27145
27137
27129
27119
27115
27107
27083
27075
27051
27046
27039
27035
27009
26995
26979
26971
26950
26946
26927
26925
26905
26886
26881
26879
26876
26850
26842
26838
26835
26830
26827
26815
26800
26795
26773
26771
26741
26732
26728
26728
26716
26712
26675
26674
26655
26644
26642
26637
26627
26617
26612
26611
26597
26585
26562
26554
26551
26518
26489
26477
26474
26429
26426
26419
26410
26402
26400
26393
26389
26381
26365
26364
26358
26356
26348
26347
26333
26332
26306
26251
26245
26225
26223
26219
26217
26215
26200
26197
26195
26180
26176
26167
26161
26154
26141
26108
26108
26107
26095
26088
26079
26077
26068
26063
26058
26044
26036
26035
26033
26027
26009
26005
25994
25990
25976
25966
25962
25953
25951
25951
25951
25948
25917
25915
25909
25897
25893
25880
25877
25875
25857
25835
25824
25806
25802
25785
25775
25769
25758
25747
25746
25737
25728
25715
25706
25703
25697
25617
25614
25604
25603
25597
25586
25577
25558
25543
25537
25533
25530
25501
25495
25475
25438
25428
25411
25406
25388
25358
25339
25338
25322
25317
25310
25307
25306
25303
25286
25285
25279
25272
25249
25248
25220
25215
25214
25204
25203
25190
25187
25185
25173
25159
25150
25148
25133
25108
25108
25105
25102
25093
25074
25071
25047
25045
25020
25013
25008
24990
24966
24947
24928
24927
24903
24902
24902
24893
24889
24866
24847
24845
24835
24834
24833
24823
24817
24816
24813
24801
24794
24781
24778
24772
24739
24736
24698
24682
24667
24667
24665
24665
24654
24637
24633
24632
24630
24625
24618
24611
24604
24593
24591
24585
24577
24559
24541
24541
24512
24493
24488
24476
24468
24450
24436
24433
24428
24419
24408
24408
24405
24404
24401
24397
24377
24350
24346
24329
24327
24327
24320
24308
24298
24292
24271
24270
24268
24257
24254
24248
24245
24234
24233
24224
24221
24218
24206
24205
24187
24174
24170
24154
24139
24129
24125
24116
24099
24099
24079
24057
24025
24024
24017
24012
24003
23996
23982
23981
23977
23969
23966
23944
23920
23908
23908
23904
23899
23896
23888
23879
23862
23861
23847
23825
23817
23815
23811
23809
23788
23757
23752
23737
23720
23720
23709
23699
23695
23676
23675
23673
23663
23648
23635
23634
23631
23618
23618
23599
23598
23597
23585
23581
23574
23565
23562
23558
23548
23534
23525
23516
23502
23494
23490
23489
23481
23472
23467
23466
23443
23438
23435
23427
23411
23402
23402
23380
23363
23360
23348
23339
23330
23321
23294
23283
23280
23243
23242
23235
23228
23204
23192
23187
23185
23185
23182
23171
23150
23150
23132
23115
23111
23107
23105
23092
23087
23072
23058
23051
23035
22996
22986
22985
22972
22964
22957
22950
22948
22948
22945
22910
22906
22901
22882
22874
22865
22860
22858
22843
22843
22840
22839
22838
22836
22835
22826
22811
22809
22800
22785
22767
22764
22762
22762
22755
22752
22752
22748
22738
22720
22703
22692
22649
22646
22631
22624
22623
22618
22603
22599
22595
22590
22566
22566
22564
22554
22540
22532
22492
22489
22478
22446
22431
22426
22419
22397
22392
22389
22381
22372
22370
22366
22353
22337
22333
22320
22319
22312
22303
22298
22289
22289
22266
22256
22223
22211
22210
22199
22197
22160
22149
22136
22130
22127
22126
22125
22115
22096
22087
22066
22064
22064
22061
22057
22053
22050
22035
22031
22029
22025
22017
21914
21910
21909
21906
21904
21900
21893
21885
21884
21878
21869
21867
21823
21818
21806
21790
21782
21776
21771
21765
21764
21757
21750
21731
21725
21717
21712
21708
21707
21698
21695
21686
21683
21664
21663
21652
21650
21640
21620
21601
21595
21590
21576
21574
21552
21552
21547
21546
21540
21527
21519
21515
21510
21507
21499
21488
21481
21476
21456
21455
21437
21432
21427
21426
21422
21410
21407
21376
21344
21335
21323
21320
21298
21295
21236
21227
21225
21221
21216
21215
21206
21201
21180
21176
21173
21165
21164
21156
21154
21151
21142
21142
21141
21136
21118
21116
21096
21034
21034
20998
20998
20994
20991
20987
20974
20970
20924
20919
20904
20899
20893
20882
20879
20848
20848
20848
20847
20845
20836
20835
20820
20814
20802
20775
20771
20763
20754
20712
20670
20661
20648
20646
20645
20641
20608
20602
20584
20581
20581
20574
20571
20570
20566
20561
20556
20556
20548
20525
20525
20514
20506
20503
20494
20490
20479
20472
20467
20464
20463
20458
20445
20440
20426
20423
20410
20400
20363
20355
20350
20323
20322
20297
20284
20283
20277
20269
20267
20257
20248
20230
20187
20136
20134
20105
20082
20054
20041
20039
20033
20020
20003
20001
19985
19981
19965
19958
19954
19952
19945
19933
19926
19922
19921
19910
19906
19902
19893
19887
19886
19865
19852
19833
19809
19785
19779
19779
19765
19762
19759
19746
19740
19739
19719
19656
19624
19593
19539
19535
19483
19472
19451
19450
19443
19442
19436
19427
19413
19412
19390
19378
19377
19354
19352
19349
19344
19335
19333
19310
19306
19285
19279
19269
19248
19225
19219
19211
19204
19194
19178
19163
19151
19135
19129
19107
19105
19103
19102
19099
19095
19089
19082
19077
19077
19048
19047
19047
19029
19025
19021
18994
18982
18980
18966
18965
18953
18937
18890
18888
18877
18875
18863
18859
18802
18799
18791
18747
18742
18734
18728
18725
18698
18693
18673
18661
18661
18656
18640
18636
18633
18632
18630
18619
18558
18554
18553
18553
18553
18544
18529
18517
18508
18496
18482
18472
18462
18460
18448
18447
18444
18429
18426
18411
18410
18407
18395
18384
18380
18370
18367
18366
18363
18363
18357
18344
18333
18331
18324
18312
18308
18294
18284
18268
18259
18249
18245
18243
18229
18197
18192
18190
18189
18178
18174
18173
18166
18165
18155
18152
18134
18102
18093
18086
18075
18075
18072
18066
18064
18061
18058
18035
18022
18020
18000
17988
17937
17935
17915
17878
17870
17864
17845
17843
17817
17806
17804
17801
17770
17751
17751
17751
17749
17738
17737
17728
17718
17712
17708
17669
17669
17654
17649
17634
17631
17627
17625
17622
17618
17605
17597
17594
17566
17557
17557
17546
17539
17534
17508
17505
17497
17497
17486
17486
17467
17463
17459
17428
17426
17423
17412
17398
17390
17365
17360
17352
17343
17341
17327
17314
17290
17285
17276
17270
17267
17255
17237
17219
17218
17184
17159
17155
17144
17130
17127
17115
17094
17092
17086
17082
17062
17057
17056
17050
17033
17031
16999
16990
16975
16974
16957
16950
16942
16936
16935
16925
16922
16910
16902
16900
16896
16896
16888
16885
16865
16844
16841
16820
16819
16815
16806
16794
16776
16774
16769
16750
16735
16734
16713
16691
16685
16685
16675
16661
16656
16593
16577
16552
16547
16546
16532
16515
16514
16494
16492
16485
16484
16469
16467
16461
16461
16457
16449
16439
16434
16425
16413
16412
16406
16400
16395
16395
16393
16392
16387
16377
16373
16362
16349
16340
16332
16299
16291
16290
16252
16248
16246
16227
16227
16224
16223
16219
16214
16194
16193
16190
16147
16143
16113
16112
16099
16058
16040
16039
16024
16022
15989
15983
15979
15976
15976
15968
15966
15956
15934
15929
15921
15915
15914
15911
15903
15883
15881
15880
15879
15872
15860
15859
15848
15835
15827
15826
15821
15812
15810
15807
15795
15785
15781
15768
15759
15749
15741
15736
15716
15711
15693
15690
15667
15666
15663
15657
15655
15655
15645
15627
15620
15619
15617
15579
15560
15553
15543
15534
15526
15524
15523
15513
15512
15490
15472
15472
15464
15457
15457
15451
15442
15441
15428
15414
15408
15405
15398
15392
15380
15367
15361
15351
15350
15349
15339
15336
15331
15291
15243
15240
15239
15233
15225
15218
15209
15196
15196
15186
15174
15171
15165
15159
15153
15148
15140
15117
15096
15078
15071
15068
15059
15057
15039
15030
15028
15026
15016
14997
14994
14991
14989
14986
14986
14982
14976
14975
14971
14948
14946
14928
14892
14881
14870
14868
14867
14865
14858
14851
14827
14812
14806
14781
14775
14768
14764
14764
14756
14750
14748
14729
14725
14706
14705
14700
14687
14676
14659
14652
14623
14567
14565
14559
14548
14533
14528
14515
14513
14511
14507
14491
14479
14473
14471
14451
14441
14441
14437
14401
14393
14367
14359
14349
14333
14332
14315
14313
14312
14309
14301
14286
14281
14277
14254
14247
14234
14233
14233
14228
14212
14179
14171
14169
14155
14154
14150
14128
14127
14125
14113
14095
14078
14070
14055
14034
14032
14022
13987
13971
13964
13949
13948
13939
13925
13919
13901
13898
13896
13892
13888
13881
13877
13858
13838
13804
13798
13798
13793
13778
13775
13764
13763
13757
13750
13748
13746
13741
13715
13703
13689
13687
13682
13677
13646
13636
13614
13609
13608
13605
13599
13586
13586
13585
13582
13570
13541
13532
13528
13514
13511
13510
13504
13475
13442
13442
13436
13435
13396
13390
13390
13385
13359
13341
13322
13314
13311
13300
13289
13243
13223
13220
13218
13211
13176
13168
13167
13146
13131
13122
13120
13109
13088
13071
13052
13036
13031
13029
13010
12999
12984
12979
12960
12960
12954
12951
12936
12936
12928
12926
12917
12916
12913
12885
12873
12835
12830
12815
12808
12806
12799
12798
12787
12762
12762
12751
12748
12744
12741
12732
12731
12731
12730
12719
12692
12671
12656
12648
12647
12644
12630
12623
12616
12607
12557
12555
12528
12528
12512
12507
12500
12484
12482
12478
12462
12452
12450
12434
12427
12426
12426
12421
12415
12393
12386
12385
12371
12368
12360
12341
12298
12297
12290
12287
12261
12253
12241
12210
12202
12187
12151
12133
12097
12074
12069
12057
12056
12042
12037
12019
12018
12013
12007
12002
11998
11998
11994
11992
11989
11986
11977
11971
11960
11959
11930
11923
11921
11918
11918
11907
11899
11898
11886
11870
11869
11864
11862
11843
11842
11836
11835
11823
11808
11788
11749
11745
11737
11732
11713
11698
11697
11695
11692
11690
11689
11670
11663
11659
11649
11634
11629
11625
11610
11597
11596
11589
11578
11575
11539
11522
11509
11509
11503
11503
11471
11461
11443
11442
11441
11429
11416
11416
11397
11396
11389
11381
11362
11356
11353
11350
11349
11340
11335
11328
11309
11293
11292
11272
11244
11234
11213
11197
11192
11173
11168
11164
11160
11143
11143
11138
11136
11122
11083
11081
11071
11053
11051
11039
11032
11031
11013
11009
11008
10995
10991
10973
10961
10934
10926
10908
10904
10902
10884
10876
10866
10863
10861
10845
10841
10840
10833
10822
10822
10804
10780
10777
10767
10764
10760
10754
10747
10744
10740
10735
10716
10711
10685
10659
10653
10650
10639
10603
10592
10579
10574
10551
10540
10527
10513
10494
10492
10470
10457
10456
10443
10406
10404
10398
10391
10387
10383
10380
10368
10349
10347
10341
10338
10328
10310
10300
10295
10280
10269
10264
10262
10214
10208
10207
10181
10154
10149
10140
10135
10125
10103
10099
10082
10062
10027
10023
10023
10018
10002
9995
9972
9969
9963
9959
9956
9947
9942
9940
9939
9927
9916
9897
9870
9855
9845
9837
9824
9808
9804
9793
9787
9752
9722
9712
9695
9676
9675
9660
9656
9653
9652
9648
9625
9618
9566
9560
9556
9552
9551
9540
9535
9526
9526
9515
9486
9486
9483
9456
9449
9448
9425
9424
9423
9408
9398
9389
9355
9348
9327
9326
9314
9306
9292
9278
9270
9263
9261
9253
9236
9223
9219
9213
9210
9202
9175
9171
9168
9162
9157
9143
9139
9137
9109
9105
9093
9070
9065
9060
9050
9014
9014
8994
8983
8975
8965
8955
8946
8937
8933
8917
8914
8908
8862
8843
8841
8839
8836
8823
8804
8781
8768
8767
8761
8758
8745
8745
8743
8722
8700
8700
8692
8674
8668
8651
8647
8635
8628
8627
8607
8607
8594
8585
8574
8555
8553
8528
8518
8502
8485
8481
8473
8451
8445
8423
8423
8420
8413
8412
8406
8390
8373
8370
8365
8348
8347
8330
8327
8321
8305
8274
8270
8266
8257
8247
8206
8202
8202
8190
8164
8155
8141
8119
8118
8057
8015
8001
7979
7959
7959
7956
7947
7942
7941
7935
7931
7924
7923
7916
7906
7903
7903
7896
7896
7886
7873
7872
7869
7853
7837
7834
7833
7829
7816
7801
7799
7785
7722
7706
7705
7705
7695
7688
7672
7660
7656
7648
7644
7640
7616
7616
7614
7610
7602
7586
7586
7571
7566
7556
7550
7529
7513
7510
7489
7482
7476
7472
7464
7463
7445
7436
7436
7435
7412
7364
7357
7350
7344
7326
7312
7303
7291
7291
7289
7285
7265
7248
7240
7231
7223
7222
7208
7202
7198
7196
7188
7159
7152
7138
7137
7128
7126
7116
7113
7106
7096
7076
7053
7052
7050
7049
7042
7038
7037
7029
7028
7014
6984
6960
6927
6925
6917
6904
6877
6876
6863
6861
6858
6844
6835
6793
6774
6764
6707
6690
6685
6679
6642
6635
6624
6622
6620
6612
6610
6606
6579
6576
6567
6555
6548
6533
6523
6504
6501
6497
6475
6463
6456
6437
6437
6430
6424
6417
6396
6389
6364
6362
6356
6341
6336
6316
6314
6314
6313
6312
6312
6312
6294
6294
6286
6279
6277
6267
6256
6256
6251
6243
6239
6200
6169
6165
6159
6125
6098
6093
6091
6066
6061
6033
6014
6011
5989
5971
5971
5944
5938
5917
5897
5893
5885
5876
5876
5871
5864
5855
5826
5819
5803
5799
5785
5783
5780
5751
5737
5701
5686
5683
5673
5652
5648
5625
5612
5596
5584
5580
5571
5564
5553
5539
5514
5512
5512
5496
5495
5488
5470
5466
5462
5457
5452
5433
5392
5387
5378
5377
5374
5372
5365
5363
5359
5356
5336
5335
5327
5309
5284
5284
5262
5253
5249
5243
5236
5229
5216
5213
5209
5199
5194
5184
5177
5172
5149
5135
5134
5120
5103
5077
5071
5059
5057
5049
5026
5022
5022
5004
5002
4971
4956
4943
4936
4928
4909
4897
4890
4885
4881
4879
4842
4838
4832
4825
4825
4819
4790
4789
4785
4776
4771
4769
4756
4750
4750
4748
4741
4737
4734
4733
4732
4727
4720
4710
4710
4696
4694
4691
4684
4683
4682
4659
4651
4643
4635
4633
4614
4611
4591
4586
4583
4580
4570
4562
4529
4518
4517
4489
4480
4477
4470
4448
4439
4437
4434
4407
4390
4388
4377
4371
4351
4315
4307
4290
4276
4248
4234
4233
4218
4179
4169
4139
4135
4131
4127
4117
4117
4111
4094
4084
4070
4046
4037
4036
4032
4032
4025
4023
4013
4000
3987
3985
3978
3966
3957
3953
3950
3938
3937
3924
3915
3914
3901
3890
3872
3869
3869
3866
3859
3856
3841
3841
3836
3828
3807
3806
3798
3784
3765
3750
3740
3723
3719
3716
3706
3668
3665
3657
3631
3618
3616
3615
3594
3580
3576
3568
3510
3498
3481
3476
3471
3436
3433
3418
3417
3413
3404
3391
3386
3356
3355
3329
3302
3292
3290
3289
3283
3277
3275
3271
3271
3262
3259
3255
3239
3236
3233
3222
3219
3165
3163
3154
3134
3129
3120
3106
3103
3090
3072
3068
3065
3053
3053
3041
3027
3023
3013
3005
2988
2982
2971
2969
2958
2937
2929
2917
2914
2901
2901
2898
2892
2865
2861
2836
2836
2823
2803
2802
2802
2792
2787
2777
2766
2757
2753
2742
2733
2733
2725
2720
2710
2709
2703
2702
2659
2658
2654
2633
2630
2626
2621
2598
2598
2595
2594
2592
2581
2577
2573
2558
2555
2534
2520
2520
2510
2508
2494
2487
2481
2470
2459
2441
2440
2435
2434
2431
2423
2402
2388
2370
2369
2358
2353
2351
2337
2312
2306
2305
2297
2271
2237
2234
2232
2229
2228
2221
2209
2194
2177
2171
2171
2151
2151
2142
2103
2095
2093
2080
2049
2038
2034
2019
2008
2000
1995
1993
1992
1991
1984
1981
1977
1961
1958
1937
1919
1913
1907
1895
1891
1890
1879
1873
1870
1856
1835
1832
1814
1810
1798
1793
1779
1774
1732
1724
1719
1716
1696
1682
1676
1673
1665
1657
1650
1641
1636
1636
1608
1577
1558
1550
1533
1529
1517
1509
1499
1498
1497
1493
1481
1473
1454
1451
1449
1448
1408
1399
1396
1388
1378
1376
1362
1361
1355
1348
1341
1320
1313
1312
1311
1276
1272
1262
1224
1223
1222
1210
1204
1204
1183
1178
1173
1172
1155
1147
1134
1127
1100
1097
1086
1080
1072
1069
1066
1061
1040
1012
1010
1009
1005
998
988
985
981
964
945
935
934
928
908
906
890
883
876
869
845
830
825
815
811
800
796
793
788
781
776
767
764
762
760
758
751
745
743
736
732
729
725
722
718
703
696
683
679
672
651
636
630
622
619
615
610
597
588
585
585
578
573
558
520
510
509
509
487
485
485
479
468
464
456
453
437
435
419
417
371
358
357
345
328
312
281
247
225
221
210
208
202
199
193
190
185
170
160
149
139
99
92
89
85
67
65
56
56
53
45
43
21
