26
27
33
42
48
50
56
59
72
80
86
88
90
116
122
126
135
157
166
169
175
183
185
186
196
202
214
225
255
257
259
261
274
289
293
295
303
312
319
336
343
345
352
353
360
362
371
377
392
394
400
401
403
409
412
423
426
430
437
443
444
451
476
478
482
483
505
506
508
512
512
517
522
522
526
528
535
537
538
542
561
567
572
586
597
598
601
601
605
609
623
627
628
632
650
651
691
695
701
702
716
720
721
725
731
733
739
751
752
770
784
794
802
803
812
829
829
856
858
872
875
881
895
945
1037
1052
1058
1059
1060
1071
1072
1076
1076
1085
1091
1092
1103
1103
1124
1132
1151
1153
1153
1171
1178
1180
1183
1221
1253
1256
1257
1274
1292
1292
1306
1311
1352
1360
1363
1384
1398
1407
1419
1442
1445
1446
1494
1498
1498
1521
1533
1543
1544
1546
1549
1554
1569
1571
1591
1603
1603
1603
1610
1646
1649
1654
1661
1682
1683
1685
1697
1697
1699
1701
1705
1708
1720
1724
1729
1736
1748
1754
1766
1770
1775
1783
1791
1800
1827
1831
1860
1866
1882
1897
1923
1936
1945
1947
1957
1971
1973
1974
1979
1990
2003
2011
2043
2044
2064
2073
2074
2075
2082
2089
2091
2106
2111
2121
2140
2164
2166
2169
2184
2189
2191
2214
2216
2245
2256
2260
2269
2272
2276
2276
2282
2284
2302
2315
2335
2337
2338
2339
2341
2342
2357
2372
2383
2397
2398
2411
2413
2415
2425
2459
2461
2466
2469
2470
2490
2516
2528
2536
2536
2537
2539
2543
2576
2589
2599
2603
2626
2636
2639
2642
2688
2705
2721
2727
2730
2745
2750
2764
2767
2776
2783
2788
2792
2804
2829
2835
2843
2863
2866
2876
2888
2888
2910
2923
2949
2949
2962
2963
2969
2989
2994
2998
3000
3007
3017
3056
3061
3062
3077
3077
3080
3099
3100
3137
3140
3141
3141
3143
3157
3170
3173
3177
3192
3206
3228
3235
3263
3290
3301
3327
3328
3330
3331
3344
3354
3356
3356
3361
3365
3369
3389
3390
3409
3425
3431
3438
3444
3446
3448
3473
3482
3500
3512
3523
3542
3544
3546
3563
3581
3601
3603
3610
3620
3629
3637
3640
3650
3651
3667
3681
3694
3698
3704
3714
3722
3756
3759
3766
3771
3812
3818
3824
3827
3848
3878
3883
3887
3894
3894
3894
3898
3904
3918
3925
3927
3937
3943
3944
3964
3975
3990
3993
3999
4024
4034
4036
4038
4048
4057
4059
4067
4070
4090
4109
4118
4121
4140
4157
4182
4195
4200
4201
4211
4227
4229
4245
4269
4270
4277
4279
4287
4313
4322
4327
4344
4354
4360
4370
4371
4372
4379
4379
4428
4443
4444
4474
4505
4507
4510
4516
4528
4536
4544
4571
4579
4587
4605
4627
4631
4632
4679
4688
4688
4705
4719
4723
4724
4728
4744
4770
4780
4782
4791
4804
4829
4840
4842
4843
4843
4858
4861
4908
4930
4938
4938
4952
4971
4980
5007
5007
5030
5045
5057
5057
5061
5066
5098
5102
5104
5128
5130
5131
5134
5135
5156
5177
5212
5221
5226
5226
5244
5252
5280
5318
5322
5322
5325
5333
5344
5367
5390
5394
5403
5404
5417
5417
5446
5449
5461
5476
5479
5489
5489
5514
5516
5520
5523
5554
5565
5584
5610
5610
5632
5690
5704
5717
5717
5718
5736
5759
5761
5783
5790
5799
5804
5809
5810
5810
5820
5823
5823
5826
5832
5834
5837
5844
5849
5878
5891
5895
5901
5924
5924
5930
5933
5938
5940
5963
5973
5973
5977
5986
5988
5995
6023
6024
6029
6029
6029
6037
6050
6050
6050
6058
6060
6078
6084
6090
6099
6100
6116
6127
6134
6135
6146
6147
6147
6159
6159
6160
6168
6169
6172
6194
6212
6239
6265
6282
6284
6291
6294
6295
6305
6312
6330
6334
6351
6352
6357
6363
6365
6378
6382
6397
6423
6431
6442
6446
6456
6457
6464
6472
6478
6481
6484
6488
6508
6521
6538
6540
6565
6570
6583
6583
6597
6598
6606
6615
6635
6656
6659
6677
6677
6680
6685
6701
6727
6730
6738
6750
6765
6765
6766
6774
6779
6780
6805
6820
6821
6824
6829
6854
6859
6872
6882
6886
6893
6894
6902
6928
6934
6951
6952
6972
6988
7017
7029
7036
7055
7079
7087
7103
7109
7114
7119
7122
7127
7129
7130
7130
7132
7137
7155
7168
7169
7174
7181
7191
7194
7201
7203
7227
7254
7269
7272
7280
7281
7297
7298
7318
7326
7332
7336
7336
7337
7341
7349
7362
7374
7376
7393
7413
7414
7444
7505
7518
7528
7533
7549
7574
7581
7593
7595
7602
7611
7612
7617
7630
7677
7695
7708
7714
7722
7732
7733
7753
7766
7767
7770
7790
7800
7821
7864
7865
7873
7879
7888
7899
7903
7908
7912
7917
7925
7930
7931
7943
7957
7980
7984
7996
8005
8027
8029
8044
8061
8067
8067
8068
8069
8070
8087
8096
8097
8100
8100
8112
8122
8124
8136
8148
8160
8205
8207
8214
8218
8222
8262
8263
8267
8278
8291
8309
8340
8347
8351
8355
8408
8416
8426
8429
8436
8440
8446
8468
8507
8508
8521
8534
8549
8551
8551
8555
8557
8578
8596
8603
8603
8615
8628
8628
8632
8639
8640
8660
8663
8663
8666
8671
8696
8712
8713
8715
8717
8721
8747
8749
8754
8755
8781
8782
8784
8785
8799
8811
8816
8820
8824
8824
8826
8833
8837
8839
8842
8869
8872
8874
8875
8879
8885
8893
8900
8914
8917
8925
8940
8953
8955
8960
8965
8971
8972
8977
8992
8995
9000
9001
9009
9028
9057
9065
9074
9095
9097
9098
9113
9134
9153
9168
9191
9211
9215
9226
9236
9325
9343
9348
9350
9355
9361
9364
9375
9385
9393
9399
9409
9429
9430
9434
9434
9454
9460
9473
9482
9494
9502
9511
9517
9547
9558
9569
9595
9597
9598
9605
9619
9625
9649
9664
9671
9674
9676
9738
9741
9762
9779
9779
9783
9789
9794
9795
9805
9805
9829
9829
9837
9843
9843
9852
9865
9868
9873
9890
9899
9971
9977
9983
9983
9990
9995
10007
10021
10023
10025
10060
10065
10091
10094
10096
10103
10139
10165
10173
10179
10180
10181
10197
10198
10199
10204
10211
10220
10224
10247
10251
10267
10268
10281
10286
10287
10306
10315
10321
10324
10342
10344
10346
10355
10365
10405
10406
10424
10426
10430
10431
10440
10441
10448
10461
10464
10465
10469
10480
10481
10489
10514
10514
10539
10556
10557
10564
10570
10580
10582
10618
10625
10626
10635
10640
10645
10646
10650
10661
10665
10668
10672
10689
10690
10709
10747
10754
10758
10761
10762
10769
10777
10788
10797
10799
10801
10812
10814
10843
10860
10870
10874
10876
10881
10942
10945
10951
10963
10990
10997
11014
11023
11026
11031
11040
11066
11071
11073
11073
11076
11077
11084
11090
11100
11100
11103
11109
11119
11120
11122
11126
11209
11224
11248
11259
11275
11280
11291
11301
11321
11335
11335
11341
11356
11358
11367
11368
11371
11378
11380
11394
11401
11402
11424
11448
11459
11473
11481
11482
11483
11485
11505
11507
11518
11542
11555
11556
11571
11572
11574
11582
11596
11604
11610
11613
11618
11625
11634
11657
11667
11675
11688
11692
11695
11704
11706
11717
11723
11731
11735
11743
11748
11755
11762
11790
11799
11826
11855
11860
11868
11883
11898
11901
11920
11931
11957
11958
11972
11985
12003
12010
12010
12011
12017
12023
12042
12046
12048
12051
12081
12087
12097
12107
12107
12108
12114
12132
12136
12143
12149
12151
12155
12187
12198
12201
12205
12231
12257
12257
12258
12297
12304
12314
12317
12318
12328
12330
12347
12347
12354
12371
12383
12399
12404
12414
12437
12454
12457
12473
12473
12474
12480
12480
12485
12493
12498
12522
12524
12526
12539
12548
12551
12554
12560
12566
12568
12577
12582
12582
12595
12613
12620
12624
12639
12648
12648
12655
12674
12676
12685
12697
12704
12710
12720
12723
12739
12765
12774
12799
12806
12846
12863
12864
12870
12872
12875
12885
12888
12918
12931
12957
12966
12968
12980
12986
12988
12990
12993
12995
12995
12996
13024
13044
13059
13077
13095
13109
13118
13124
13144
13161
13172
13174
13175
13182
13182
13185
13190
13194
13199
13201
13207
13207
13207
13237
13257
13287
13304
13316
13317
13326
13332
13343
13348
13355
13375
13376
13382
13383
13390
13391
13392
13393
13395
13403
13407
13412
13413
13423
13423
13454
13456
13467
13472
13475
13477
13483
13501
13534
13540
13553
13567
13568
13570
13576
13624
13630
13631
13636
13647
13678
13680
13680
13684
13686
13691
13708
13742
13747
13757
13776
13778
13780
13786
13790
13795
13799
13840
13883
13891
13898
13908
13913
13921
13925
13937
13941
13949
13970
13970
13977
13988
14010
14021
14030
14040
14050
14054
14067
14078
14103
14125
14131
14145
14149
14160
14169
14198
14204
14221
14240
14280
14282
14283
14284
14284
14286
14286
14293
14294
14298
14304
14310
14311
14317
14319
14323
14333
14350
14365
14384
14387
14398
14404
14405
14429
14437
14438
14446
14470
14474
14478
14480
14486
14496
14496
14510
14566
14580
14591
14596
14601
14638
14642
14643
14648
14660
14671
14680
14681
14713
14714
14728
14737
14739
14752
14775
14781
14784
14801
14802
14817
14824
14826
14830
14830
14833
14846
14846
14858
14876
14887
14901
14909
14912
14914
14916
14917
14931
14941
14943
14967
14975
14976
14976
14996
14999
15015
15025
15038
15042
15045
15048
15104
15107
15109
15111
15112
15131
15132
15139
15169
15194
15195
15196
15238
15240
15257
15258
15262
15265
15272
15297
15317
15319
15327
15336
15346
15374
15374
15385
15389
15402
15403
15437
15456
15475
15480
15491
15494
15498
15505
15532
15540
15546
15561
15564
15574
15620
15622
15624
15625
15625
15637
15639
15640
15674
15676
15683
15686
15690
15693
15696
15703
15703
15713
15724
15744
15752
15770
15776
15790
15812
15825
15832
15839
15874
15878
15878
15906
15908
15910
15916
15917
15960
15963
15985
15990
16039
16040
16047
16056
16058
16074
16076
16086
16118
16123
16140
16147
16148
16149
16152
16162
16190
16222
16247
16250
16252
16274
16281
16286
16290
16303
16332
16337
16339
16346
16379
16380
16397
16406
16422
16438
16443
16445
16451
16468
16475
16477
16481
16510
16520
16546
16551
16559
16569
16589
16654
16663
16664
16664
16683
16690
16691
16695
16717
16727
16752
16762
16768
16774
16794
16813
16833
16845
16854
16863
16865
16877
16879
16893
16893
16902
16914
16920
16939
16943
16965
16969
16969
16977
16980
16991
17023
17036
17052
17055
17062
17067
17070
17075
17077
17081
17086
17091
17092
17096
17097
17112
17131
17140
17152
17170
17174
17177
17184
17202
17226
17232
17248
17255
17273
17281
17340
17345
17352
17380
17392
17416
17418
17438
17438
17464
17476
17485
17485
17485
17488
17491
17510
17520
17532
17537
17541
17545
17555
17555
17556
17570
17588
17592
17601
17616
17621
17624
17646
17650
17660
17674
17675
17679
17692
17693
17710
17721
17740
17755
17759
17776
17785
17806
17828
17854
17884
17885
17889
17899
17906
17919
17927
17942
17954
17963
17985
18006
18012
18029
18030
18032
18041
18046
18051
18060
18084
18090
18102
18122
18124
18129
18169
18171
18174
18186
18198
18199
18234
18241
18243
18244
18244
18253
18264
18288
18305
18306
18334
18341
18342
18343
18347
18352
18368
18409
18421
18424
18442
18467
18468
18470
18471
18473
18489
18492
18494
18499
18502
18521
18533
18538
18539
18545
18565
18575
18587
18608
18620
18625
18633
18639
18656
18657
18661
18682
18685
18719
18724
18761
18772
18796
18800
18808
18823
18824
18833
18852
18861
18867
18893
18904
18914
18927
18928
18968
18988
18991
19002
19004
19033
19034
19043
19044
19047
19047
19056
19058
19079
19099
19107
19114
19114
19118
19133
19158
19182
19214
19218
19228
19232
19237
19260
19260
19263
19274
19284
19290
19323
19343
19347
19352
19360
19363
19366
19371
19384
19394
19408
19414
19424
19453
19465
19473
19477
19482
19492
19495
19496
19497
19500
19512
19516
19519
19520
19521
19523
19555
19562
19565
19565
19567
19571
19572
19602
19623
19647
19655
19667
19671
19688
19689
19692
19695
19698
19725
19728
19734
19742
19749
19750
19756
19784
19787
19789
19793
19797
19813
19831
19836
19843
19845
19846
19857
19857
19866
19875
19885
19905
19931
19935
19936
19941
19942
19944
19944
19954
19959
19971
19983
19991
20000
20017
20017
20026
20026
20041
20071
20090
20111
20113
20115
20129
20138
20153
20174
20184
20202
20202
20212
20214
20215
20221
20236
20252
20311
20313
20329
20338
20374
20377
20387
20396
20414
20421
20425
20427
20430
20450
20465
20494
20518
20521
20526
20528
20534
20535
20546
20577
20580
20585
20591
20600
20600
20629
20650
20655
20666
20671
20675
20688
20706
20713
20729
20738
20739
20744
20762
20785
20794
20805
20806
20827
20828
20842
20844
20851
20852
20853
20863
20866
20885
20907
20907
20918
20923
20923
20934
20951
20957
20991
20994
20999
21003
21015
21019
21022
21025
21045
21074
21084
21087
21108
21115
21143
21148
21167
21176
21177
21191
21193
21213
21215
21218
21230
21234
21240
21244
21251
21262
21303
21305
21305
21329
21334
21342
21358
21365
21369
21384
21388
21390
21395
21401
21403
21413
21429
21450
21457
21480
21482
21498
21501
21520
21532
21536
21545
21552
21565
21565
21579
21580
21584
21588
21601
21602
21613
21629
21630
21661
21673
21673
21675
21685
21704
21706
21714
21723
21730
21732
21739
21750
21760
21767
21796
21808
21812
21844
21848
21874
21890
21894
21923
21924
21939
21950
21951
21959
21964
21965
21971
21991
22005
22023
22029
22036
22044
22044
22046
22060
22075
22093
22096
22100
22135
22136
22156
22162
22163
22168
22172
22183
22195
22219
22248
22260
22261
22302
22308
22310
22316
22320
22322
22338
22359
22359
22389
22399
22411
22425
22457
22474
22484
22494
22503
22514
22520
22524
22550
22558
22565
22568
22572
22577
22581
22584
22628
22629
22629
22637
22662
22664
22706
22717
22717
22718
22737
22740
22747
22750
22752
22755
22756
22765
22771
22780
22784
22792
22817
22830
22840
22847
22876
22880
22901
22904
22905
22922
22932
22950
22966
22977
22982
22990
22997
23001
23020
23025
23068
23097
23098
23098
23103
23119
23145
23153
23163
23182
23187
23203
23225
23235
23249
23261
23267
23269
23305
23305
23331
23340
23343
23347
23352
23367
23380
23380
23387
23393
23398
23400
23401
23404
23415
23418
23434
23444
23456
23461
23470
23484
23495
23497
23506
23507
23509
23514
23543
23557
23558
23570
23573
23590
23591
23595
23596
23609
23624
23629
23635
23642
23644
23650
23656
23658
23693
23698
23715
23719
23724
23731
23736
23750
23757
23758
23763
23782
23796
23796
23797
23799
23818
23818
23821
23824
23825
23838
23844
23871
23872
23872
23878
23898
23905
23921
23925
23930
23939
23947
23949
23957
23967
23977
23979
23983
23992
24015
24019
24020
24020
24046
24051
24081
24086
24097
24135
24137
24157
24173
24173
24194
24203
24221
24223
24228
24239
24251
24258
24272
24287
24292
24296
24297
24299
24301
24306
24308
24332
24356
24371
24383
24397
24398
24405
24411
24412
24415
24424
24428
24439
24443
24448
24449
24456
24463
24477
24477
24479
24519
24523
24528
24530
24578
24582
24611
24614
24619
24621
24624
24659
24674
24676
24685
24687
24691
24691
24698
24701
24711
24725
24754
24771
24774
24777
24783
24810
24827
24842
24842
24844
24853
24858
24886
24905
24908
24917
24921
24929
24940
24947
24950
24959
24976
24979
25020
25022
25032
25038
25054
25062
25068
25093
25099
25120
25121
25137
25148
25171
25175
25178
25196
25200
25213
25215
25220
25221
25236
25238
25251
25258
25265
25295
25296
25299
25314
25321
25328
25331
25335
25341
25344
25351
25374
25374
25380
25385
25386
25390
25391
25400
25403
25410
25439
25441
25458
25483
25497
25497
25497
25498
25508
25523
25545
25563
25567
25568
25572
25609
25615
25630
25650
25652
25667
25670
25675
25678
25684
25688
25689
25699
25717
25719
25723
25761
25768
25786
25798
25801
25802
25813
25818
25840
25841
25842
25851
25863
25866
25866
25878
25890
25922
25923
25935
25942
25948
25973
25990
25991
25992
25997
26010
26024
26029
26038
26068
26069
26092
26097
26111
26113
26114
26119
26120
26131
26168
26173
26194
26198
26210
26212
26225
26229
26241
26257
26264
26273
26301
26301
26303
26311
26312
26323
26326
26332
26343
26353
26353
26377
26378
26383
26387
26390
26400
26403
26405
26420
26423
26426
26427
26430
26442
26448
26463
26469
26486
26511
26512
26513
26515
26522
26529
26531
26554
26557
26559
26563
26563
26577
26589
26600
26615
26627
26630
26641
26649
26656
26658
26661
26663
26682
26691
26706
26725
26725
26729
26730
26735
26762
26809
26815
26821
26830
26841
26845
26857
26882
26883
26894
26894
26901
26909
26932
26938
26941
26949
26954
26981
27019
27028
27040
27045
27056
27063
27074
27093
27098
27100
27104
27111
27116
27123
27130
27142
27142
27147
27160
27163
27169
27196
27201
27204
27205
27248
27262
27274
27280
27301
27319
27339
27365
27374
27386
27402
27403
27415
27427
27455
27470
27472
27473
27476
27480
27488
27488
27494
27498
27510
27512
27534
27551
27553
27555
27565
27575
27577
27594
27597
27598
27609
27627
27628
27636
27644
27647
27656
27661
27698
27707
27711
27738
27762
27771
27775
27779
27789
27816
27823
27829
27847
27898
27904
27911
27914
27925
27928
27931
27936
27967
27978
27978
27988
28033
28049
28049
28056
28062
28066
28075
28076
28078
28078
28084
28096
28111
28115
28116
28123
28131
28136
28154
28159
28161
28168
28168
28176
28183
28198
28204
28210
28211
28212
28224
28241
28268
28269
28270
28274
28311
28314
28316
28337
28351
28361
28376
28377
28387
28387
28394
28397
28409
28419
28424
28432
28442
28453
28457
28515
28548
28575
28599
28607
28613
28642
28656
28675
28676
28686
28690
28692
28694
28712
28715
28722
28723
28747
28773
28776
28792
28802
28817
28819
28838
28851
28855
28867
28875
28876
28884
28898
28898
28899
28910
28913
28913
28919
28920
28923
28928
28944
28949
29015
29018
29030
29030
29040
29050
29058
29084
29084
29085
29088
29091
29108
29118
29123
29136
29148
29188
29192
29204
29210
29211
29211
29211
29213
29233
29239
29250
29283
29338
29351
29377
29385
29399
29401
29402
29414
29417
29419
29421
29424
29435
29436
29459
29466
29477
29481
29501
29508
29537
29553
29558
29598
29601
29614
29631
29637
29655
29673
29685
29697
29703
29715
29715
29719
29725
29730
29734
29738
29752
29763
29776
29784
29785
29793
29794
29796
29800
29802
29824
29830
29833
29848
29856
29899
29903
29906
29906
29906
29929
29949
29954
29961
29964
29967
29968
29983
29995
30002
30015
30021
30023
30029
30056
30059
30071
30077
30088
30094
30098
30103
30119
30121
30128
30164
30177
30181
30185
30193
30193
30195
30199
30199
30202
30209
30210
30218
30228
30233
30262
30282
30294
30295
30299
30309
30312
30321
30326
30383
30389
30398
30401
30411
30419
30423
30425
30429
30436
30441
30454
30457
30460
30506
30520
30524
30564
30619
30627
30638
30659
30659
30684
30690
30691
30692
30698
30701
30705
30706
30723
30724
30735
30742
30745
30747
30751
30765
30776
30793
30802
30806
30811
30819
30822
30831
30833
30851
30869
30903
30916
30920
30925
30941
30947
30968
30999
31001
31026
31032
31040
31057
31074
31079
31086
31088
31108
31116
31128
31138
31148
31151
31198
31202
31204
31206
31220
31233
31240
31247
31249
31256
31264
31269
31269
31274
31308
31311
31328
31334
31360
31372
31385
31393
31407
31417
31437
31439
31451
31472
31477
31485
31488
31489
31498
31520
31525
31527
31540
31554
31555
31558
31595
31595
31601
31610
31615
31624
31626
31643
31676
31680
31684
31690
31690
31714
31737
31746
31749
31757
31763
31773
31775
31794
31797
31802
31851
31851
31858
31862
31863
31868
31881
31886
31907
31908
31911
31927
31938
31942
31943
31947
31972
31980
31981
31981
31983
31989
32003
32012
32017
32019
32023
32053
32053
32055
32065
32094
32110
32120
32121
32126
32134
32139
32147
32159
32160
32162
32174
32179
32214
32220
32221
32230
32231
32239
32242
32252
32272
32276
32285
32292
32293
32319
32326
32332
32335
32336
32341
32342
32348
32356
32358
32362
32379
32382
32384
32387
32396
32416
32422
32427
32455
32465
32468
32482
32504
32504
32510
32511
32512
32531
32541
32570
32597
32597
32601
32608
32620
32627
32630
32632
32649
32655
32657
32659
32671
32712
32721
32738
32744
32746
32753
32802
32803
32821
32832
32845
32858
32874
32875
32886
32890
32933
32936
32939
32945
32960
32971
32998
33013
33016
33021
33022
33024
33029
33045
33045
33058
33064
33073
33075
33078
33079
33081
33085
33095
33100
33103
33104
33108
33123
33135
33136
33158
33169
33179
33208
33220
33226
33228
33249
33263
33264
33278
33294
33299
33311
33313
33318
33327
33344
33345
33365
33367
33378
33404
33407
33435
33450
33476
33482
33504
33516
33522
33523
33536
33542
33542
33542
33547
33565
33572
33573
33574
33584
33585
33613
33646
33652
33667
33681
33701
33716
33722
33733
33735
33737
33751
33757
33771
33795
33800
33801
33821
33825
33829
33849
33872
33879
33884
33900
33923
33936
33949
33950
33956
33964
33967
33977
33978
33979
33991
34001
34013
34048
34054
34063
34074
34079
34088
34093
34093
34094
34122
34138
34139
34146
34152
34180
34184
34185
34203
34207
34210
34222
34223
34225
34238
34255
34258
34268
34270
34277
34288
34316
34328
34355
34356
34359
34361
34369
34378
34379
34393
34401
34403
34407
34409
34411
34419
34434
34435
34442
34444
34453
34454
34461
34471
34497
34506
34553
34555
34564
34577
34596
34599
34616
34619
34620
34632
34635
34638
34649
34654
34667
34677
34680
34728
34740
34742
34768
34776
34782
34790
34809
34820
34827
34827
34833
34845
34845
34856
34866
34891
34899
34901
34917
34925
34949
34968
34978
34980
34999
35002
35007
35018
35026
35040
35049
35055
35058
35064
35083
35094
35096
35100
35141
35150
35160
35161
35174
35184
35226
35247
35254
35284
35295
35297
35301
35303
35308
35335
35344
35359
35364
35365
35369
35372
35389
35392
35412
35451
35458
35486
35494
35495
35497
35530
35542
35548
35561
35573
35586
35590
35591
35598
35599
35619
35621
35645
35668
35674
35689
35718
35738
35743
35750
35755
35758
35769
35773
35777
35789
35826
35832
35863
35868
35880
35896
35912
35913
35922
35929
35934
35946
35946
35948
35957
35982
35987
36000
36007
36050
36053
36055
36058
36068
36070
36089
36089
36102
36110
36136
36150
36157
36159
36175
36187
36189
36204
36220
36220
36224
36229
36234
36252
36282
36293
36296
36303
36308
36315
36320
36324
36328
36347
36348
36351
36360
36370
36385
36398
36401
36415
36421
36425
36453
36456
36467
36472
36484
36532
36534
36541
36541
36557
36560
36582
36590
36599
36608
36609
36616
36625
36635
36642
36656
36667
36671
36712
36714
36721
36728
36754
36765
36788
36788
36792
36806
36813
36816
36844
36847
36851
36857
36875
36878
36886
36919
36938
36946
36951
36955
36966
36966
36967
36980
36987
36994
36997
37005
37080
37095
37111
37112
37115
37122
37124
37126
37126
37145
37155
37158
37158
37160
37163
37173
37180
37182
37201
37216
37220
37224
37244
37252
37263
37267
37271
37274
37284
37291
37301
37304
37319
37339
37364
37376
37379
37389
37396
37404
37407
37429
37430
37434
37450
37453
37470
37529
37532
37550
37552
37553
37559
37563
37574
37579
37585
37591
37617
37632
37645
37661
37670
37679
37685
37702
37702
37718
37721
37748
37757
37775
37779
37789
37790
37796
37807
37808
37810
37812
37820
37827
37833
37836
37843
37850
37857
37865
37867
37900
37904
37930
37942
37953
37967
37972
37974
37976
37984
38022
38036
38048
38053
38067
38075
38078
38078
38082
38085
38094
38105
38133
38140
38156
38182
38185
38190
38191
38195
38199
38204
38224
38234
38241
38257
38266
38281
38304
38312
38330
38334
38336
38344
38376
38388
38399
38407
38413
38414
38432
38452
38453
38454
38464
38464
38513
38519
38521
38529
38566
38586
38586
38604
38605
38629
38634
38636
38642
38644
38651
38675
38683
38693
38701
38703
38717
38735
38743
38753
38773
38800
38808
38819
38824
38828
38829
38834
38838
38842
38845
38850
38889
38894
38898
38900
38920
38931
38936
38937
38940
38964
38964
38969
38973
38979
38985
39004
39015
39035
39043
39062
39066
39081
39085
39086
39103
39150
39173
39193
39194
39197
39214
39242
39259
39265
39275
39280
39285
39302
39304
39341
39358
39359
39364
39419
39434
39447
39448
39449
39453
39453
39458
39461
39465
39465
39465
39478
39488
39491
39500
39500
39510
39518
39522
39551
39554
39570
39574
39575
39591
39610
39623
39623
39637
39643
39647
39650
39652
39669
39679
39680
39692
39692
39701
39702
39706
39711
39720
39732
39750
39752
39762
39764
39765
39766
39776
39814
39817
39818
39858
39863
39870
39871
39901
39927
39930
39961
39962
39965
39966
39975
39980
39982
39985
39988
39993
40037
40040
40045
40085
40100
40102
40111
40112
40136
40148
40194
40195
40200
40214
40216
40220
40223
40231
40236
40252
40272
40278
40284
40300
40310
40313
40337
40380
40398
40411
40412
40418
40431
40465
40471
40475
40484
40499
40533
40551
40560
40572
40604
40619
40647
40651
40651
40683
40689
40691
40692
40728
40748
40755
40758
40759
40798
40800
40803
40803
40820
40845
40847
40854
40855
40859
40860
40878
40884
40890
40893
40895
40908
40916
40923
40954
40962
40974
40976
40978
40982
40989
40999
41017
41021
41027
41032
41035
41036
41037
41065
41070
41071
41081
41087
41099
41112
41128
41130
41147
41151
41168
41182
41191
41203
41204
41207
41207
41208
41208
41214
41220
41254
41256
41294
41298
41304
41313
41323
41337
41340
41351
41355
41356
41358
41364
41379
41388
41401
41406
41412
41412
41416
41417
41423
41424
41442
41446
41455
41464
41520
41523
41535
41543
41553
41558
41568
41569
41599
41599
41600
41613
41627
41628
41636
41638
41646
41650
41650
41684
41687
41695
41705
41731
41741
41743
41753
41754
41765
41776
41783
41788
41791
41825
41836
41860
41863
41866
41878
41881
41886
41886
41889
41913
41963
41995
42001
42005
42006
42009
42028
42042
42058
42059
42100
42112
42114
42122
42140
42187
42201
42230
42239
42249
42267
42278
42279
42313
42338
42342
42343
42348
42362
42368
42379
42381
42385
42397
42411
42412
42424
42431
42447
42455
42458
42459
42460
42461
42463
42475
42483
42491
42495
42496
42504
42519
42544
42556
42577
42580
42586
42587
42589
42591
42592
42596
42596
42606
42634
42635
42652
42656
42658
42658
42665
42674
42683
42684
42691
42701
42705
42707
42715
42716
42728
42739
42746
42747
42751
42752
42765
42790
42799
42818
42825
42831
42831
42848
42856
42857
42866
42872
42873
42875
42881
42883
42900
42901
42907
42916
42919
42933
42941
42951
42964
42966
42968
42972
42983
42984
42985
43007
43029
43034
43039
43053
43070
43086
43089
43094
43101
43123
43124
43155
43160
43182
43185
43196
43204
43232
43237
43253
43265
43271
43280
43282
43289
43303
43312
43315
43316
43326
43343
43399
43402
43404
43434
43447
43460
43464
43468
43487
43494
43495
43496
43499
43500
43526
43533
43541
43552
43564
43569
43588
43590
43592
43598
43604
43618
43620
43621
43631
43663
43666
43669
43672
43674
43674
43675
43687
43689
43691
43707
43712
43713
43717
43720
43723
43726
43728
43735
43735
43749
43751
43753
43761
43772
43779
43779
43785
43798
43802
43809
43829
43845
43850
43876
43884
43887
43902
43907
43911
43919
43921
43965
43972
43978
43981
43986
43995
44000
44002
44008
44009
44031
44033
44042
44062
44066
44066
44070
44087
44093
44096
44096
44105
44125
44132
44145
44148
44154
44157
44167
44174
44202
44206
44221
44221
44253
44259
44264
44264
44269
44279
44283
44284
44313
44328
44332
44344
44365
44370
44370
44374
44392
44403
44415
44428
44431
44435
44438
44438
44458
44488
44493
44496
44500
44509
44523
44534
44550
44559
44562
44566
44575
44577
44579
44594
44662
44672
44688
44688
44697
44704
44704
44707
44721
44724
44733
44738
44750
44751
44780
44783
44803
44827
44828
44832
44839
44843
44847
44853
44860
44883
44899
44903
44918
44922
44959
44990
44997
45000
45006
45007
45008
45026
45033
45034
45048
45064
45084
45085
45089
45092
45092
45097
45099
45110
45110
45114
45122
45126
45126
45142
45144
45161
45180
45201
45203
45205
45224
45224
45235
45266
45269
45278
45303
45314
45316
45320
45327
45337
45339
45360
45370
45375
45381
45402
45407
45408
45420
45425
45437
45439
45442
45445
45447
45481
45508
45511
45525
45528
45543
45547
45565
45572
45578
45580
45589
45590
45591
45592
45616
45619
45625
45649
45653
45665
45668
45674
45693
45703
45703
45738
45740
45760
45761
45775
45779
45781
45792
45794
45797
45808
45821
45828
45832
45838
45842
45849
45851
45873
45880
45887
45889
45893
45893
45938
45940
45951
45958
45971
45972
45976
45981
45983
45986
45997
46010
46010
46024
46045
46053
46074
46079
46084
46095
46098
46100
46106
46108
46121
46143
46144
46160
46164
46167
46170
46178
46181
46184
46190
46193
46215
46217
46238
46258
46260
46261
46273
46275
46298
46311
46323
46325
46329
46336
46343
46357
46367
46369
46381
46409
46428
46433
46435
46449
46453
46457
46463
46499
46514
46515
46525
46556
46573
46590
46602
46623
46645
46650
46659
46685
46689
46694
46698
46705
46708
46710
46719
46732
46734
46768
46773
46778
46779
46786
46797
46811
46812
46813
46814
46830
46851
46864
46871
46900
46908
46909
46914
46929
46930
46935
46947
46950
46956
46959
46964
46988
47014
47023
47033
47035
47039
47064
47076
47081
47099
47103
47146
47150
47158
47178
47183
47188
47191
47195
47221
47258
47259
47274
47279
47296
47297
47309
47314
47316
47318
47347
47349
47356
47359
47371
47378
47380
47380
47385
47385
47389
47402
47423
47442
47455
47462
47464
47464
47470
47491
47492
47503
47511
47550
47560
47561
47590
47590
47600
47613
47624
47652
47676
47680
47680
47684
47686
47713
47732
47742
47753
47754
47757
47761
47761
47768
47774
47791
47792
47813
47815
47823
47826
47827
47855
47859
47862
47866
47868
47890
47894
47930
47932
47952
47954
47965
47966
47981
47988
47998
47999
48006
48017
48020
48043
48053
48055
48067
48071
48099
48111
48119
48128
48130
48134
48135
48135
48137
48154
48158
48169
48174
48183
48198
48199
48211
48220
48221
48251
48263
48275
48280
48290
48308
48309
48313
48318
48335
48337
48344
48373
48388
48400
48414
48421
48423
48449
48478
48501
48508
48515
48526
48533
48582
48589
48600
48635
48640
48655
48675
48692
48697
48711
48730
48730
48738
48746
48762
48781
48783
48804
48810
48831
48833
48846
48858
48860
48864
48864
48895
48918
48924
48926
48928
48932
48932
48937
48940
48945
48951
48954
48964
48971
48976
48995
48998
49005
49029
49030
49033
49043
49045
49053
49097
49110
49129
49147
49153
49187
49204
49209
49221
49224
49225
49231
49231
49233
49239
49246
49268
49289
49305
49336
49340
49344
49358
49363
49398
49413
49414
49415
49420
49441
49478
49486
49492
49512
49539
49546
49555
49563
49567
49569
49578
49579
49588
49588
49589
49601
49601
49608
49623
49627
49637
49638
49639
49643
49644
49646
49648
49667
49669
49674
49680
49682
49686
49716
49735
49745
49750
49755
49776
49787
49798
49798
49799
49800
49808
49832
49839
49841
49850
49852
49860
49864
49882
49882
49917
49928
49931
49946
49966
49976
49986
49986
49986
49988
50000
50032
50033
50035
50052
50063
50072
50076
50083
50086
50093
50094
50100
50110
50113
50114
50115
50120
50126
50127
50139
50141
50181
50182
50188
50189
50202
50204
50210
50220
50221
50229
50231
50255
50271
50290
50309
50314
50324
50325
50328
50332
50343
50346
50346
50351
50361
50364
50385
50386
50393
50394
50406
50410
50420
50427
50457
50460
50470
50480
50513
50528
50540
50540
50541
50550
50555
50557
50560
50569
50582
50586
50594
50595
50599
50601
50633
50639
50643
50686
50700
50704
50708
50713
50717
50730
50732
50734
50744
50756
50757
50760
50766
50766
50776
50787
50797
50808
50812
50834
50851
50853
50862
50882
50883
50892
50898
50907
50910
50945
50948
50956
50958
50972
50981
50986
50987
50993
51003
51013
51022
51033
51052
51052
51058
51069
51087
51099
51112
51115
51129
51133
51145
51155
51159
51165
51192
51198
51201
51210
51218
51246
51259
51259
51268
51269
51278
51292
51293
51294
51294
51297
51328
51338
51345
51356
51369
51376
51401
51414
51414
51417
51439
51458
51458
51461
51462
51466
51477
51484
51486
51499
51500
51507
51511
51524
51527
51528
51536
51559
51574
51580
51583
51586
51592
51595
51620
51630
51645
51663
51669
51679
51680
51684
51695
51717
51719
51743
51743
51748
51794
51801
51803
51809
51814
51829
51845
51887
51912
51913
51919
51923
51929
51985
51988
51996
52000
52004
52031
52037
52039
52046
52055
52060
52112
52151
52159
52163
52165
52170
52179
52181
52208
52212
52215
52220
52237
52237
52261
52274
52275
52275
52286
52289
52292
52295
52296
52300
52302
52323
52329
52342
52357
52365
52366
52373
52379
52399
52411
52428
52450
52453
52463
52464
52469
52507
52512
52517
52521
52541
52560
52596
52605
52633
52635
52644
52655
52658
52687
52704
52715
52720
52725
52727
52738
52740
52741
52744
52749
52759
52774
52793
52811
52813
52828
52862
52905
52910
52921
52924
52942
52951
52955
52962
52966
52973
52988
53021
53022
53031
53049
53049
53068
53076
53084
53090
53120
53122
53124
53142
53153
53159
53160
53168
53179
53187
53201
53227
53237
53242
53248
53253
53268
53295
53301
53314
53320
53330
53344
53347
53355
53361
53362
53363
53380
53395
53396
53421
53431
53436
53461
53471
53488
53505
53513
53516
53518
53518
53541
53544
53583
53596
53599
53600
53602
53618
53638
53651
53663
53680
53682
53698
53703
53725
53725
53759
53761
53764
53777
53778
53787
53788
53800
53814
53815
53818
53828
53837
53844
53846
53852
53868
53868
53872
53875
53876
53877
53878
53892
53912
53933
53943
53956
53978
53988
54002
54014
54015
54020
54045
54060
54067
54068
54072
54079
54087
54092
54092
54096
54103
54111
54112
54125
54143
54156
54170
54172
54188
54189
54191
54206
54209
54227
54229
54236
54239
54240
54248
54250
54260
54288
54293
54301
54322
54326
54331
54345
54347
54360
54360
54371
54373
54374
54384
54388
54393
54400
54400
54400
54420
54509
54514
54516
54525
54532
54538
54542
54543
54547
54557
54559
54566
54568
54578
54581
54581
54582
54591
54591
54594
54607
54626
54632
54636
54646
54647
54721
54722
54726
54727
54741
54747
54748
54758
54782
54798
54799
54813
54840
54860
54877
54878
54888
54914
54916
54922
54932
54947
54990
54992
54994
54997
55014
55015
55047
55052
55084
55086
55120
55124
55127
55131
55141
55142
55151
55156
55160
55166
55174
55177
55182
55186
55186
55214
55215
55217
55218
55268
55273
55291
55306
55309
55322
55323
55325
55328
55343
55361
55367
55392
55395
55400
55432
55433
55436
55440
55444
55450
55460
55468
55470
55473
55478
55499
55503
55503
55507
55509
55511
55515
55552
55567
55581
55587
55589
55594
55600
55641
55646
55658
55666
55679
55696
55701
55717
55733
55740
55741
55747
55754
55757
55764
55793
55798
55821
55828
55843
55857
55864
55865
55880
55884
55891
55894
55907
55910
55922
55927
55933
55947
55952
55969
55976
55996
56000
56021
56022
56030
56037
56042
56075
56089
56104
56122
56126
56156
56186
56197
56212
56220
56226
56235
56251
56252
56255
56260
56285
56289
56290
56296
56300
56314
56323
56344
56352
56363
56371
56402
56414
56415
56448
56459
56480
56482
56489
56491
56498
56515
56516
56529
56529
56533
56541
56546
56557
56561
56564
56570
56577
56579
56595
56599
56602
56612
56632
56664
56665
56710
56713
56714
56732
56778
56784
56790
56808
56811
56812
56813
56847
56874
56904
56910
56938
56940
56947
56950
56952
56972
56986
56992
57008
57018
57024
57069
57093
57093
57097
57100
57108
57110
57111
57121
57122
57133
57139
57140
57150
57165
57165
57178
57183
57200
57201
57202
57203
57209
57223
57231
57246
57305
57314
57315
57327
57344
57347
57364
57366
57374
57396
57398
57410
57433
57434
57439
57442
57455
57457
57464
57480
57503
57504
57518
57523
57529
57529
57538
57539
57541
57587
57598
57622
57624
57625
57629
57645
57647
57654
57678
57684
57690
57700
57709
57713
57724
57736
57740
57742
57750
57780
57781
57791
57804
57825
57825
57831
57835
57856
57869
57891
57892
57896
57904
57908
57915
57922
57943
57960
57963
57997
57998
57998
58000
58001
58007
58040
58045
58047
58054
58081
58083
58100
58110
58114
58128
58128
58134
58138
58155
58162
58176
58183
58192
58202
58210
58210
58220
58233
58244
58256
58264
58273
58297
58298
58330
58334
58350
58359
58364
58366
58371
58378
58380
58383
58385
58386
58394
58414
58417
58417
58418
58423
58435
58436
58447
58449
58458
58469
58481
58481
58487
58494
58525
58533
58537
58539
58547
58549
58551
58563
58563
58590
58607
58609
58615
58621
58623
58635
58635
58640
58648
58653
58655
58663
58669
58671
58673
58683
58684
58689
58707
58715
58720
58730
58752
58761
58778
58780
58780
58788
58790
58795
58796
58812
58826
58836
58837
58839
58848
58864
58875
58879
58896
58897
58932
58933
58961
58982
58992
59005
59031
59036
59040
59042
59046
59059
59066
59071
59090
59118
59125
59150
59155
59156
59163
59184
59185
59189
59200
59204
59206
59211
59218
59223
59225
59225
59248
59251
59265
59272
59272
59290
59300
59321
59328
59350
59359
59378
59393
59395
59423
59433
59442
59459
59486
59490
59550
59568
59569
59574
59580
59586
59597
59604
59612
59632
59645
59651
59654
59660
59673
59674
59676
59679
59683
59688
59689
59701
59709
59716
59722
59724
59737
59753
59754
59764
59775
59785
59796
59803
59819
59840
59843
59851
59873
59884
59890
59895
59913
59935
59938
59955
59956
59966
59967
59973
59976
59979
59990
59996
59999
60000
60002
60005
60009
60014
60016
60020
60027
60062
60063
60065
60072
60087
60090
60096
60105
60111
60146
60150
60160
60203
60214
60227
60230
60234
60236
60256
60258
60265
60288
60313
60314
60330
60342
60351
60385
60403
60421
60448
60458
60465
60467
60469
60478
60489
60517
60524
60526
60546
60560
60566
60570
60584
60594
60597
60603
60606
60621
60623
60624
60633
60636
60636
60640
60645
60648
60648
60654
60664
60665
60668
60669
60669
60682
60684
60684
60689
60724
60736
60737
60738
60741
60745
60774
60781
60792
60800
60812
60813
60814
60815
60851
60859
60876
60887
60891
60907
60912
60920
60946
60957
60975
60994
60996
61009
61018
61055
61057
61057
61069
61071
61087
61089
61100
61105
61122
61138
61172
61180
61185
61197
61214
61270
61277
61287
61296
61300
61302
61309
61312
61320
61328
61331
61342
61386
61390
61391
61437
61439
61458
61460
61465
61473
61474
61502
61513
61517
61525
61539
61540
61550
61557
61559
61570
61588
61590
61593
61596
61641
61648
61655
61676
61688
61690
61692
61710
61710
61723
61734
61736
61756
61759
61762
61764
61779
61786
61818
61821
61825
61832
61842
61880
61888
61892
61897
61898
61899
61912
61922
61923
61926
61933
61943
61955
61963
61971
61986
62002
62002
62023
62038
62043
62048
62075
62077
62090
62091
62107
62117
62119
62120
62122
62123
62131
62145
62146
62149
62149
62154
62160
62173
62177
62179
62204
62207
62207
62207
62227
62281
62305
62307
62340
62343
62352
62359
62359
62371
62383
62394
62398
62404
62424
62451
62461
62474
62478
62484
62519
62524
62537
62538
62538
62539
62545
62567
62572
62590
62622
62630
62631
62636
62647
62649
62657
62680
62685
62692
62698
62721
62727
62730
62736
62757
62758
62762
62763
62768
62774
62790
62818
62821
62823
62841
62846
62852
62888
62900
62922
62934
62935
62968
62969
62972
62977
62985
62986
62998
63000
63003
63004
63025
63030
63039
63042
63044
63056
63065
63077
63093
63094
63104
63115
63121
63122
63125
63137
63140
63153
63153
63155
63160
63164
63178
63198
63201
63207
63218
63243
63244
63247
63248
63249
63259
63277
63293
63293
63312
63316
63321
63353
63356
63385
63398
63398
63402
63409
63425
63427
63430
63440
63442
63446
63447
63454
63464
63468
63469
63487
63489
63493
63507
63508
63509
63511
63512
63516
63527
63534
63550
63564
63575
63611
63612
63616
63623
63626
63639
63661
63664
63691
63697
63698
63705
63711
63727
63740
63755
63757
63757
63758
63767
63773
63777
63810
63830
63840
63855
63856
63856
63860
63886
63893
63899
63900
63903
63916
63920
63927
63935
63952
63954
63959
63987
63991
63993
64005
64018
64019
64022
64025
64030
64035
64050
64057
64058
64069
64077
64082
64088
64090
64095
64107
64149
64160
64170
64176
64184
64184
64190
64201
64208
64217
64218
64248
64250
64252
64254
64260
64267
64279
64282
64302
64333
64340
64341
64346
64348
64367
64380
64394
64403
64411
64449
64461
64468
64492
64514
64527
64537
64555
64561
64561
64574
64597
64606
64607
64618
64623
64625
64628
64644
64655
64670
64673
64674
64680
64716
64718
64730
64732
64738
64741
64765
64766
64773
64780
64800
64811
64820
64822
64822
64823
64832
64833
64840
64858
64859
64860
64868
64894
64901
64909
64909
64915
64930
64935
64945
64973
64984
64988
64997
65015
65019
65021
65023
65025
65027
65028
65030
65041
65052
65054
65056
65060
65064
65065
65072
65073
65089
65098
65105
65120
65132
65143
65150
65177
65177
65177
65201
65202
65204
65210
65216
65257
65257
65271
65273
65283
65288
65291
65334
65356
65381
65383
65386
65387
65404
65409
65413
65415
65422
65433
65463
65465
65469
65471
65481
65494
65495
65507
65518
65540
65550
65562
65569
65598
65598
65600
65600
65601
65602
65629
65631
65642
65655
65669
65701
65709
65725
65741
65748
65749
65751
65778
65780
65782
65786
65797
65798
65802
65806
65817
65829
65834
65836
65840
65840
65876
65883
65886
65892
65894
65905
65912
65932
65933
65947
65957
65974
65987
65989
65997
66003
66005
66024
66037
66041
66056
66083
66085
66087
66106
66113
66131
66134
66157
66171
66213
66213
66213
66221
66244
66254
66260
66266
66268
66293
66302
66313
66318
66327
66347
66361
66365
66375
66385
66406
66408
66437
66449
66460
66467
66480
66487
66521
66525
66537
66548
66548
66549
66551
66554
66558
66585
66585
66587
66589
66597
66609
66618
66622
66649
66656
66689
66700
66709
66722
66750
66761
66775
66778
66788
66793
66812
66816
66830
66836
66840
66867
66888
66890
66906
66909
66922
66939
66974
66984
66998
67001
67005
67009
67020
67022
67023
67050
67053
67075
67087
67092
67105
67124
67128
67187
67194
67201
67229
67236
67243
67247
67250
67262
67267
67274
67276
67280
67284
67286
67291
67336
67368
67391
67436
67440
67444
67445
67471
67474
67491
67491
67493
67493
67499
67516
67518
67527
67551
67552
67554
67569
67595
67596
67609
67618
67638
67648
67650
67650
67681
67695
67709
67740
67757
67778
67787
67788
67806
67816
67816
67817
67823
67839
67841
67841
67848
67850
67864
67875
67885
67886
67902
67903
67913
67924
67930
67941
67948
67959
67978
67979
67988
68006
68006
68012
68029
68033
68046
68046
68049
68066
68068
68069
68070
68076
68078
68080
68082
68098
68099
68103
68122
68124
68129
68133
68148
68149
68149
68153
68154
68156
68157
68158
68163
68172
68186
68192
68223
68231
68232
68252
68257
68264
68266
68267
68279
68282
68301
68313
68314
68329
68354
68370
68386
68387
68418
68435
68440
68445
68446
68459
68471
68472
68478
68486
68506
68523
68525
68561
68563
68566
68581
68585
68603
68611
68618
68625
68633
68649
68658
68659
68661
68696
68696
68697
68703
68725
68734
68761
68792
68799
68800
68809
68810
68826
68836
68840
68848
68854
68862
68872
68876
68878
68895
68907
68915
68928
68929
68954
68955
68967
68994
69004
69007
69009
69022
69039
69041
69054
69057
69077
69104
69125
69150
69161
69175
69180
69185
69190
69200
69210
69213
69220
69222
69223
69252
69253
69278
69297
69306
69307
69309
69314
69316
69316
69321
69337
69351
69357
69362
69364
69376
69378
69398
69415
69426
69434
69447
69458
69476
69483
69502
69512
69525
69538
69561
69573
69574
69588
69598
69604
69606
69614
69616
69620
69632
69640
69644
69647
69656
69660
69672
69673
69682
69692
69694
69714
69722
69725
69733
69742
69751
69753
69754
69760
69772
69783
69804
69805
69805
69807
69815
69822
69828
69829
69837
69842
69865
69866
69875
69876
69880
69901
69902
69906
69907
69910
69922
69928
69936
69952
69965
69968
69970
69985
69990
70002
70032
70103
70113
70119
70125
70126
70144
70163
70167
70169
70188
70194
70199
70208
70215
70218
70221
70246
70249
70257
70279
70294
70304
70310
70310
70326
70345
70374
70384
70384
70416
70422
70424
70441
70443
70450
70463
70464
70480
70486
70506
70511
70514
70515
70560
70577
70581
70590
70593
70630
70642
70649
70655
70657
70675
70677
70696
70702
70758
70779
70780
70780
70781
70794
70798
70815
70824
70841
70866
70898
70907
70909
70909
70909
70911
70937
70946
70950
70959
70959
70967
70989
71015
71057
71060
71074
71080
71084
71093
71114
71122
71139
71140
71141
71145
71145
71163
71164
71182
71191
71232
71262
71263
71301
71350
71350
71358
71360
71395
71395
71433
71442
71447
71455
71466
71473
71475
71491
71498
71517
71518
71526
71541
71559
71565
71574
71596
71597
71617
71627
71632
71634
71657
71664
71672
71674
71677
71684
71689
71696
71707
71710
71729
71731
71748
71764
71772
71790
71823
71823
71830
71832
71858
71883
71886
71887
71917
71925
71925
71927
71932
71935
71953
71954
71955
71968
71989
72062
72080
72085
72091
72115
72127
72129
72142
72177
72192
72204
72206
72216
72218
72220
72221
72222
72240
72241
72241
72255
72255
72266
72268
72279
72279
72292
72304
72306
72307
72325
72335
72336
72342
72354
72354
72359
72365
72375
72376
72377
72417
72419
72421
72426
72462
72481
72487
72498
72501
72521
72526
72556
72587
72588
72592
72598
72598
72605
72610
72626
72642
72646
72669
72683
72695
72697
72720
72723
72728
72729
72735
72744
72747
72749
72758
72760
72764
72776
72778
72791
72795
72821
72828
72835
72840
72840
72846
72862
72868
72875
72909
72914
72923
72929
72938
72944
72945
72966
72981
72997
73015
73020
73032
73045
73045
73046
73048
73073
73076
73082
73085
73089
73090
73130
73131
73134
73162
73164
73165
73178
73187
73187
73194
73201
73202
73205
73221
73222
73234
73240
73259
73260
73268
73275
73291
73306
73306
73317
73319
73332
73345
73348
73353
73388
73389
73391
73415
73427
73439
73439
73452
73455
73467
73488
73491
73497
73501
73506
73511
73529
73538
73560
73582
73585
73586
73587
73590
73595
73630
73636
73642
73647
73649
73664
73685
73691
73694
73702
73702
73711
73729
73740
73759
73769
73789
73801
73806
73856
73860
73861
73863
73908
73955
73960
73965
73984
73984
73987
73995
74011
74016
74017
74023
74023
74035
74059
74060
74065
74107
74126
74133
74136
74139
74176
74176
74185
74202
74220
74234
74237
74265
74273
74281
74284
74289
74295
74296
74302
74308
74314
74327
74333
74359
74371
74373
74381
74385
74397
74418
74428
74441
74453
74463
74471
74471
74472
74483
74498
74503
74508
74509
74511
74519
74522
74528
74542
74544
74546
74570
74607
74609
74616
74657
74658
74666
74680
74701
74727
74733
74733
74736
74737
74754
74759
74771
74788
74797
74804
74806
74814
74820
74825
74844
74850
74870
74882
74888
74892
74893
74924
74926
74935
74952
74954
74981
75008
75032
75036
75054
75064
75072
75085
75086
75095
75101
75104
75107
75122
75128
75129
75137
75147
75148
75165
75171
75172
75179
75188
75209
75257
75264
75274
75294
75299
75315
75321
75328
75345
75361
75363
75366
75415
75427
75442
75464
75494
75498
75499
75558
75569
75579
75601
75608
75633
75637
75642
75642
75663
75665
75673
75674
75677
75683
75685
75694
75706
75712
75725
75734
75738
75743
75754
75778
75780
75781
75800
75814
75817
75821
75851
75893
75899
75899
75910
75912
75936
75936
75940
75945
75950
75951
75957
75968
75975
75975
75992
75995
75999
76012
76027
76029
76031
76034
76044
76047
76073
76077
76088
76090
76098
76102
76104
76110
76111
76115
76119
76153
76176
76201
76208
76240
76247
76275
76275
76287
76305
76306
76310
76314
76321
76345
76353
76373
76394
76398
76431
76444
76445
76450
76454
76460
76472
76476
76482
76486
76504
76512
76518
76525
76547
76550
76557
76565
76597
76599
76640
76649
76650
76653
76661
76663
76664
76668
76679
76715
76722
76725
76730
76746
76783
76820
76826
76845
76849
76853
76874
76896
76899
76926
76933
76934
76950
76951
76960
76962
76981
76998
77016
77016
77042
77048
77078
77090
77121
77141
77147
77149
77151
77152
77170
77175
77175
77190
77193
77197
77220
77224
77237
77240
77248
77265
77282
77297
77302
77302
77303
77308
77329
77329
77331
77348
77365
77372
77396
77419
77421
77425
77441
77443
77444
77484
77488
77495
77495
77512
77517
77524
77525
77531
77531
77570
77577
77580
77597
77605
77608
77614
77622
77627
77629
77632
77640
77641
77671
77673
77688
77701
77703
77710
77715
77725
77743
77761
77772
77806
77818
77829
77845
77855
77861
77869
77870
77880
77902
77922
77928
77938
77945
77946
77947
77947
77954
77957
77970
77985
77988
78002
78015
78047
78058
78062
78075
78079
78084
78085
78087
78091
78100
78103
78106
78115
78128
78130
78148
78150
78176
78195
78207
78221
78254
78269
78273
78304
78307
78336
78344
78382
78408
78411
78414
78438
78454
78483
78484
78491
78518
78518
78523
78530
78569
78580
78590
78604
78609
78610
78611
78622
78626
78651
78653
78657
78658
78688
78706
78706
78730
78730
78736
78742
78755
78766
78784
78785
78797
78800
78826
78833
78849
78859
78882
78892
78911
78923
78935
78944
78944
78949
78951
78952
78966
78975
78995
78998
79002
79020
79020
79022
79047
79071
79082
79106
79118
79129
79132
79150
79160
79181
79185
79187
79188
79195
79206
79216
79251
79258
79266
79271
79272
79276
79279
79280
79282
79283
79284
79297
79308
79308
79318
79334
79338
79338
79345
79354
79378
79395
79416
79423
79449
79483
79486
79486
79489
79499
79501
79505
79545
79579
79582
79585
79596
79602
79606
79608
79613
79620
79629
79645
79650
79664
79667
79673
79674
79709
79711
79723
79723
79739
79740
79748
79763
79765
79765
79770
79771
79777
79782
79804
79805
79841
79843
79847
79850
79857
79862
79889
79896
79898
79917
79921
79925
79943
79953
79962
79974
79992
79993
80006
80022
80034
80062
80068
80069
80070
80081
80087
80107
80109
80112
80137
80142
80145
80155
80156
80164
80171
80182
80210
80217
80221
80235
80235
80239
80241
80265
80280
80284
80285
80289
80295
80297
80311
80311
80326
80341
80368
80369
80370
80393
80398
80404
80421
80425
80433
80442
80445
80452
80453
80463
80469
80480
80481
80482
80483
80483
80501
80513
80520
80540
80541
80548
80552
80559
80562
80564
80576
80579
80583
80616
80622
80633
80636
80649
80692
80692
80694
80708
80717
80723
80737
80761
80764
80781
80797
80809
80811
80811
80825
80850
80865
80872
80895
80900
80919
80943
80975
80978
80982
81011
81025
81028
81029
81030
81048
81050
81053
81053
81059
81092
81094
81106
81106
81108
81115
81129
81136
81137
81147
81148
81155
81157
81161
81172
81186
81200
81210
81213
81217
81232
81234
81237
81252
81269
81273
81277
81280
81290
81307
81307
81310
81310
81329
81334
81348
81351
81364
81367
81376
81384
81390
81404
81405
81430
81433
81462
81468
81468
81488
81490
81501
81504
81518
81524
81549
81550
81558
81588
81596
81646
81656
81676
81678
81694
81711
81716
81737
81742
81745
81751
81754
81755
81756
81759
81762
81772
81774
81775
81784
81788
81799
81820
81821
81825
81829
81830
81832
81840
81852
81859
81877
81884
81920
81923
81924
81932
81945
81965
81978
81979
81984
81985
81985
81995
82014
82024
82026
82032
82052
82093
82113
82116
82117
82129
82136
82154
82158
82163
82192
82196
82204
82216
82220
82223
82235
82243
82273
82284
82292
82296
82299
82308
82316
82351
82385
82395
82426
82431
82438
82459
82470
82487
82489
82499
82511
82542
82545
82557
82558
82562
82572
82581
82587
82597
82615
82617
82621
82644
82669
82725
82729
82740
82744
82762
82767
82781
82785
82786
82789
82816
82820
82820
82830
82830
82848
82850
82856
82871
82873
82875
82878
82882
82930
82943
82959
83001
83015
83022
83039
83052
83055
83079
83106
83116
83123
83128
83133
83134
83140
83148
83165
83169
83189
83193
83205
83206
83212
83216
83243
83279
83296
83316
83330
83360
83368
83376
83393
83401
83407
83407
83415
83421
83431
83434
83445
83449
83450
83465
83493
83493
83528
83532
83536
83546
83557
83563
83586
83592
83594
83598
83620
83631
83639
83651
83658
83659
83664
83667
83676
83700
83719
83744
83752
83754
83758
83785
83818
83820
83842
83844
83849
83860
83888
83930
83931
83937
83948
83960
83961
83965
83970
83995
84004
84028
84038
84041
84062
84093
84108
84108
84109
84111
84125
84129
84129
84131
84134
84136
84171
84190
84195
84195
84201
84209
84211
84256
84259
84261
84273
84292
84294
84300
84304
84306
84323
84357
84418
84418
84437
84460
84472
84478
84485
84489
84497
84530
84549
84557
84590
84595
84596
84597
84598
84598
84604
84608
84628
84636
84638
84654
84670
84672
84684
84720
84738
84745
84746
84752
84754
84756
84758
84778
84787
84797
84813
84816
84830
84831
84833
84844
84846
84865
84866
84891
84897
84898
84899
84899
84914
84938
84942
84969
84971
84979
84988
84995
85000
85000
85001
85014
85018
85025
85041
85044
85056
85074
85078
85086
85123
85127
85144
85145
85147
85152
85163
85164
85177
85194
85213
85215
85217
85218
85228
85238
85239
85247
85254
85255
85272
85281
85291
85292
85315
85351
85352
85359
85376
85388
85403
85410
85411
85416
85440
85441
85443
85444
85447
85458
85458
85487
85505
85509
85511
85518
85519
85521
85526
85526
85536
85538
85554
85584
85591
85598
85622
85637
85639
85649
85653
85658
85660
85672
85681
85693
85695
85713
85725
85729
85730
85737
85762
85763
85766
85783
85826
85843
85853
85868
85885
85898
85903
85903
85903
85905
85906
85908
85913
85918
85921
85923
85932
85941
85951
85952
85957
85981
85985
85989
85997
86000
86004
86014
86035
86046
86047
86051
86061
86068
86104
86128
86133
86148
86150
86157
86159
86164
86166
86172
86181
86255
86275
86297
86305
86319
86340
86345
86371
86385
86406
86423
86430
86447
86449
86483
86497
86511
86513
86514
86523
86524
86536
86539
86543
86549
86564
86566
86577
86578
86593
86604
86607
86609
86614
86615
86621
86645
86650
86656
86664
86672
86676
86687
86701
86705
86712
86712
86719
86728
86740
86752
86760
86784
86787
86814
86830
86855
86862
86883
86911
86917
86921
86929
86934
86939
86941
86948
86958
86959
86968
86971
86995
87000
87001
87010
87024
87038
87044
87052
87062
87082
87085
87096
87101
87106
87113
87119
87165
87178
87180
87186
87209
87220
87222
87222
87234
87238
87239
87313
87324
87348
87354
87360
87363
87369
87373
87374
87376
87384
87385
87403
87404
87405
87411
87418
87424
87433
87441
87458
87469
87481
87484
87492
87496
87498
87511
87522
87535
87546
87592
87598
87601
87616
87629
87630
87632
87634
87637
87644
87652
87653
87657
87667
87704
87709
87713
87713
87721
87730
87752
87754
87755
87762
87777
87778
87795
87795
87799
87815
87844
87851
87853
87854
87869
87871
87886
87889
87942
87944
87949
87967
87994
88000
88027
88029
88040
88040
88044
88051
88066
88076
88080
88089
88094
88097
88112
88116
88124
88137
88143
88157
88160
88171
88180
88203
88207
88232
88240
88248
88256
88257
88261
88267
88271
88282
88285
88302
88332
88334
88336
88364
88369
88374
88375
88388
88399
88401
88402
88415
88442
88459
88472
88475
88477
88481
88495
88498
88502
88504
88508
88517
88526
88531
88532
88551
88551
88562
88567
88586
88587
88593
88594
88600
88607
88611
88622
88654
88659
88663
88680
88736
88740
88748
88755
88777
88780
88785
88789
88797
88816
88819
88841
88848
88851
88873
88884
88885
88887
88908
88912
88913
88915
88935
88955
88961
88963
88968
88995
89008
89008
89015
89019
89026
89030
89044
89047
89049
89050
89076
89081
89089
89097
89111
89124
89124
89124
89133
89155
89156
89177
89187
89193
89198
89204
89208
89216
89217
89220
89221
89241
89246
89254
89272
89278
89285
89300
89311
89320
89329
89335
89337
89343
89360
89368
89372
89377
89385
89397
89400
89405
89408
89419
89426
89427
89438
89446
89474
89475
89478
89483
89493
89496
89506
89517
89536
89537
89543
89613
89639
89650
89675
89680
89682
89683
89684
89686
89694
89695
89713
89729
89733
89735
89736
89769
89771
89780
89829
89839
89840
89872
89873
89886
89900
89904
89915
89931
89935
89937
89941
89949
89952
89952
89961
89975
89980
90002
90030
90050
90050
90075
90084
90086
90104
90109
90135
90137
90152
90153
90162
90166
90175
90216
90225
90233
90236
90243
90261
90268
90278
90295
90307
90311
90343
90354
90358
90363
90365
90369
90373
90376
90378
90387
90391
90409
90417
90421
90460
90470
90480
90481
90508
90528
90547
90547
90552
90552
90554
90555
90570
90572
90592
90594
90614
90626
90646
90648
90660
90662
90666
90670
90694
90700
90720
90724
90730
90736
90743
90762
90769
90802
90806
90865
90866
90873
90893
90912
90960
90994
91019
91040
91048
91056
91076
91078
91087
91089
91095
91112
91120
91123
91132
91149
91150
91157
91159
91173
91179
91186
91190
91207
91213
91237
91238
91248
91285
91286
91286
91300
91306
91310
91331
91352
91354
91360
91361
91365
91371
91382
91393
91400
91402
91406
91415
91432
91437
91438
91450
91457
91461
91468
91469
91479
91487
91491
91496
91514
91516
91533
91534
91536
91539
91543
91562
91563
91564
91573
91577
91597
91598
91599
91608
91624
91624
91625
91632
91633
91647
91647
91649
91650
91651
91657
91660
91669
91675
91679
91685
91699
91747
91753
91754
91764
91770
91774
91775
91782
91790
91796
91798
91803
91818
91826
91834
91836
91836
91859
91861
91868
91871
91872
91882
91910
91910
91920
91935
91941
91945
91952
91960
91962
91964
91977
91998
91998
92010
92016
92020
92021
92021
92043
92046
92068
92081
92091
92096
92100
92131
92133
92135
92137
92140
92149
92154
92163
92186
92187
92202
92203
92214
92228
92230
92272
92274
92288
92304
92309
92315
92320
92337
92338
92353
92357
92362
92380
92390
92420
92421
92426
92431
92434
92447
92454
92458
92476
92480
92481
92499
92510
92522
92526
92545
92560
92568
92572
92574
92578
92584
92592
92593
92615
92616
92630
92647
92677
92682
92682
92682
92689
92697
92713
92722
92723
92726
92730
92739
92744
92813
92847
92850
92853
92880
92881
92883
92883
92913
92923
92944
92957
92961
92969
92973
92982
92988
92999
93000
93016
93021
93028
93028
93029
93040
93043
93059
93068
93078
93084
93084
93093
93095
93109
93115
93122
93130
93131
93156
93159
93186
93209
93213
93213
93224
93252
93271
93271
93319
93320
93331
93333
93348
93348
93349
93354
93360
93384
93396
93398
93400
93402
93415
93431
93446
93450
93450
93459
93468
93469
93474
93480
93482
93491
93503
93514
93516
93525
93537
93538
93540
93593
93604
93629
93639
93642
93649
93660
93699
93702
93705
93707
93707
93731
93745
93762
93763
93810
93820
93828
93845
93852
93865
93869
93874
93878
93885
93886
93896
93906
93915
93922
93926
93960
93963
93988
93991
93996
94011
94015
94015
94025
94034
94040
94047
94056
94057
94062
94066
94067
94081
94097
94113
94116
94121
94125
94125
94129
94143
94154
94172
94195
94211
94213
94221
94257
94259
94275
94279
94282
94293
94294
94299
94319
94330
94340
94357
94360
94372
94400
94402
94403
94408
94415
94426
94433
94439
94479
94495
94498
94509
94509
94510
94518
94523
94528
94535
94548
94559
94568
94579
94595
94619
94619
94633
94644
94668
94672
94689
94696
94706
94712
94736
94748
94754
94773
94782
94790
94792
94799
94802
94802
94808
94835
94838
94870
94877
94901
94916
94918
94920
94921
94925
94932
94943
94944
94949
94960
94966
94981
94988
94998
95013
95033
95050
95053
95055
95061
95065
95070
95087
95088
95094
95110
95119
95133
95134
95140
95146
95148
95151
95160
95189
95195
95213
95220
95226
95227
95246
95254
95276
95291
95294
95321
95322
95339
95344
95353
95353
95363
95376
95385
95399
95403
95414
95450
95451
95460
95473
95480
95489
95494
95496
95499
95508
95509
95520
95523
95536
95541
95541
95542
95583
95587
95601
95602
95614
95616
95632
95638
95639
95658
95672
95674
95678
95690
95691
95702
95704
95708
95708
95715
95728
95734
95750
95754
95775
95788
95811
95816
95824
95830
95840
95841
95857
95872
95879
95905
95914
95915
95924
95927
95929
95930
95937
95943
95947
95950
95957
95959
95973
95984
95987
95998
95998
96035
96049
96075
96083
96085
96098
96103
96109
96112
96113
96114
96118
96121
96130
96131
96142
96144
96169
96170
96183
96185
96261
96265
96289
96308
96325
96359
96376
96391
96395
96401
96405
96407
96417
96418
96418
96426
96460
96465
96483
96490
96490
96543
96550
96559
96561
96569
96579
96582
96584
96585
96590
96614
96616
96642
96645
96648
96654
96667
96677
96678
96679
96696
96698
96710
96719
96728
96729
96732
96754
96757
96763
96765
96777
96780
96801
96804
96828
96829
96838
96860
96879
96880
96889
96890
96896
96901
96902
96902
96903
96916
96937
96961
96977
96988
96993
97010
97018
97023
97027
97047
97057
97077
97084
97085
97087
97088
97089
97095
97102
97105
97115
97116
97124
97144
97158
97171
97206
97208
97213
97235
97263
97270
97274
97302
97312
97313
97316
97322
97340
97342
97360
97361
97364
97365
97372
97374
97385
97386
97389
97409
97421
97440
97466
97469
97474
97478
97485
97486
97489
97495
97496
97532
97540
97555
97558
97608
97611
97618
97620
97645
97662
97670
97672
97675
97678
97685
97708
97711
97714
97733
97742
97787
97805
97807
97808
97813
97816
97831
97831
97844
97853
97871
97887
97895
97920
97927
97936
97944
97949
97954
97959
97978
97979
97986
97987
98007
98037
98051
98057
98063
98064
98069
98081
98086
98105
98106
98108
98113
98145
98156
98182
98184
98201
98202
98226
98267
98268
98276
98278
98316
98317
98322
98325
98342
98348
98348
98356
98365
98389
98390
98407
98420
98422
98428
98429
98432
98444
98467
98469
98504
98512
98516
98518
98526
98535
98549
98572
98576
98580
98588
98617
98618
98622
98637
98642
98650
98653
98681
98731
98733
98735
98757
98758
98768
98770
98792
98802
98810
98841
98865
98869
98885
98892
98893
98897
98919
98932
98933
98938
98946
98947
98953
98955
98963
99016
99018
99018
99023
99028
99053
99061
99087
99097
99107
99107
99112
99123
99136
99141
99150
99164
99172
99190
99211
99214
99224
99229
99242
99277
99299
99301
99325
99328
99332
99355
99356
99360
99364
99374
99388
99415
99432
99432
99434
99435
99435
99440
99445
99454
99463
99485
99510
99510
99523
99529
99531
99534
99541
99570
99587
99592
99621
99640
99641
99649
99649
99673
99675
99697
99700
99704
99741
99755
99757
99768
99793
99830
99883
99884
99885
99894
99903
99905
99917
99933
99938
99942
99948
99952
99960
99981
99997
