62137
8783
40202
60207
69956
41963
51876
39896
83970
50569
86466
63078
38509
66148
85934
58422
81852
31304
84600
51252
14344
82169
23824
82895
93419
70644
33137
15237
47532
79042
75407
9668
4176
15608
86226
90483
73922
54453
46730
74243
21374
33196
53672
59882
15695
39605
18303
97546
87260
2902
65150
1603
85071
88973
849
94841
75968
50338
10077
23499
45731
1835
49518
49906
33795
52095
56740
24068
22900
3470
98311
44273
36665
51982
4154
68711
7939
38809
82608
95198
58062
47757
96801
59484
53081
14001
54325
29049
64338
80753
68899
10068
98940
18417
76325
49086
86863
33065
73153
9762
36534
71463
70386
89550
39797
74540
58260
47735
29700
40867
42932
87761
4976
56084
47245
58056
70085
17921
87104
34422
98673
56003
60842
97612
90771
37166
46697
93985
70230
36202
20099
23115
7664
90484
12664
63812
81375
87275
11546
27426
28142
54478
15187
33117
26913
78783
7524
96997
96703
94628
31419
11727
66982
8612
25691
74104
45777
72387
68088
32359
8588
4538
55473
32604
11374
68137
96415
92748
55411
24313
36526
99904
95142
51712
49372
22054
46846
56896
19051
59900
67875
66821
71626
34856
75432
97316
25311
37560
86055
93398
69918
10994
14288
25391
59949
25661
93527
72716
34760
65289
97028
71285
81545
8521
39348
47268
30574
86193
4163
65976
46092
88389
32796
34070
39596
24579
31385
64906
62139
33791
74656
32056
44785
88943
73798
21085
14603
83676
93800
65714
65317
7179
36999
46861
15699
76346
94128
46273
78891
14643
28600
41334
19383
77748
75403
58979
2326
23140
23884
80816
56930
14891
29224
18066
3833
3021
55503
34787
86697
49302
501
68365
72833
53851
15225
88531
46548
25704
51155
25438
56698
79755
66772
76081
57502
58526
35059
76179
81665
75294
73347
54947
90185
2570
89364
10369
21942
44866
45156
24990
10520
62008
93354
83352
32210
24930
71882
78757
50634
39389
4195
23683
19143
87318
99763
92996
45843
51173
85526
43860
26467
58872
98806
16651
77793
4521
43371
99735
49387
88526
41076
76258
66885
50782
75961
99094
75711
47842
94203
42696
3582
98397
66379
39076
2066
82493
32071
47908
33666
17597
91767
60132
92820
6924
93134
70613
11445
36504
86699
77183
41382
44126
69792
24618
94907
45752
23712
86970
93593
34266
29665
13527
32662
12395
52602
34727
94888
84673
98986
28553
18621
7105
5036
27792
14028
14521
98404
41824
51024
1454
19006
8757
45580
88797
33375
40486
34548
73438
43807
44493
7703
73472
58019
40364
2218
26972
91442
13457
27996
6779
58361
46616
13883
63396
74408
27911
77916
89163
69734
45292
90617
5092
54048
52548
93888
87422
9385
44788
77211
53192
5632
84913
43015
63650
25276
45232
90621
33069
75041
18617
39848
33401
81584
70082
13149
72343
14344
91064
77858
84078
52707
68474
5521
23107
37373
15760
26880
46757
60547
4091
99948
82530
89003
59314
46179
30631
20898
53152
63699
95938
88120
19898
29338
86055
6332
42486
74750
20675
49902
52607
21104
18960
37432
26624
42066
74804
58736
68946
37912
35634
73036
54212
18164
62038
13525
80694
9020
34422
50197
89071
46711
38316
25320
76049
40723
31651
34886
15472
52326
1139
68078
89781
20099
21861
16405
62164
96664
91492
31109
34575
27125
20496
88786
45288
98886
18663
25982
7905
53084
76178
96975
99795
30846
22295
92195
71568
53945
43432
3391
22622
44571
87820
12403
64669
9680
45159
26832
6343
36650
74293
57269
80126
94788
46055
25414
10025
64717
67747
17930
34152
43924
14904
50298
91121
53550
58844
79040
23847
2276
82430
46468
46846
86601
75222
11514
96280
20380
54697
18974
73381
28989
76243
53507
40129
38649
95272
66505
19717
63018
84434
53868
23293
15690
20518
30766
85591
79361
9805
9437
97988
8587
55905
44833
95187
47478
72698
91467
84210
27395
10440
57590
72735
3034
27448
29215
41682
39071
95720
61398
2088
96505
31618
41733
28546
68487
72498
14137
47847
98654
23573
62187
7240
95829
7019
18779
43307
96069
26597
27516
39815
53388
1457
12549
56422
45257
58116
98103
84327
70187
75853
2767
66691
23822
44499
11589
92308
16996
25725
56506
15649
49297
18692
39241
61478
25711
58019
4784
38131
84615
48651
77945
38002
50107
6845
94423
11715
64960
8878
96042
35146
1082
98808
18189
24903
43306
29777
33562
76653
71853
90067
8653
37501
8759
64245
98978
50821
22263
20113
88951
23229
68763
66895
77583
35222
73739
88357
46936
55051
97234
42977
6548
14667
58136
41088
55921
17793
70864
89482
94445
59068
79549
19450
96569
88307
83694
11898
55479
22309
32011
44429
45537
773
27675
23119
52346
17765
11476
99282
72815
25061
58610
79363
39728
16746
20450
95648
34538
7666
1482
45335
83085
81030
81136
79653
85688
64829
91551
41166
87137
39913
1946
49026
40685
45972
72144
9383
63736
99971
8664
52903
41384
83625
32265
97463
16722
69066
9462
67612
93083
10943
12946
76168
91972
94081
72172
77659
75261
63722
35176
62398
3634
53473
27775
60671
99444
16270
86405
79532
16241
95068
32434
57624
95044
81050
71438
11766
50115
80899
79377
59550
91842
8674
52069
165
19106
24240
77824
94366
4314
29351
73115
24299
82824
889
1321
98619
17159
87725
78150
49751
99144
10583
23726
94188
91632
95163
22305
58099
76061
1681
17648
67902
26706
69716
68067
45811
93955
62242
40176
14620
7944
13291
38919
90767
14179
40239
89386
47689
27964
67535
97439
27107
94470
21164
21294
86101
16326
59950
44199
92387
61630
78198
76640
88335
64265
61058
50497
74572
39651
90673
89191
47595
20315
28109
54713
34493
84700
60450
82182
12663
44337
95972
39769
38806
17136
77415
41258
33461
37364
85457
42199
15346
80006
35191
20032
60623
96248
70529
35194
35899
77553
24384
99845
97867
68845
54557
48711
53544
15007
47244
82558
59343
43216
38678
14500
60351
16092
55757
10163
69808
57565
68714
1505
37571
3904
37888
98193
16503
8416
49738
68753
2320
90473
68597
186
59317
39506
48897
29212
70864
96140
11769
46558
55707
50447
61057
32409
82890
16813
42572
69049
74378
27637
86905
28300
31540
24793
42844
64394
49560
92581
33147
51880
83053
18095
68417
58722
57600
33665
4285
28463
46157
32406
75020
1863
99204
52428
34272
82093
69241
93195
67494
59970
20831
54398
4621
68722
95542
47464
33115
45102
56396
66261
13333
55800
708
81749
30873
58307
15414
35158
3122
61570
67563
94493
79784
66766
46921
14055
65210
32513
7249
49055
92482
28079
19805
13454
96800
15346
60917
46267
60447
33664
28879
90131
89463
29586
71880
20336
4245
3645
55493
7366
81566
39407
18210
61349
6172
81482
75404
87733
13994
99004
36788
22827
43435
56592
36280
56586
88289
13548
2852
65088
47211
31731
55218
53026
61316
43449
73361
65560
47093
45205
89277
28658
963
7487
6359
23486
5320
98114
11218
19314
97117
64357
58492
40551
37300
94772
13489
25589
24671
16340
90676
71882
48070
62245
24907
25738
5694
14619
7649
69138
76175
96926
14148
77137
20764
20506
622
26083
18619
11839
45396
32087
92548
20240
72638
29847
15011
2478
71787
39681
18817
78814
27914
83239
41059
69172
8976
46752
83790
16624
32241
59964
29901
46388
37100
50664
66893
54073
76747
1863
65912
38494
33950
74811
58733
22939
4657
90095
25416
76444
46128
44232
55257
90393
27470
12667
59565
52797
75770
59706
85773
8011
36022
15673
54398
73121
66337
37643
43546
59435
39505
25809
14280
73454
619
89365
96392
5275
95811
21807
98070
58290
82391
69679
48683
26212
98697
24599
79009
74467
84304
64781
82477
20325
96805
53226
9798
63141
90868
53343
38927
46725
79151
69559
20178
79769
75275
32922
1395
71085
71080
15817
29375
53470
1847
94409
79682
543
19007
75042
91361
3310
39822
90189
23635
36626
43415
49784
16119
50634
3126
71397
97358
98628
40955
33888
94748
16229
83161
96142
3666
54240
28310
49392
7710
30156
43800
3743
47051
62806
78784
38411
66115
34957
28600
6101
71582
72014
72236
4052
38999
75361
91801
52709
90340
32755
2948
85087
65336
86108
97581
69001
56699
25890
18392
80760
72398
78543
84502
19448
41348
79637
57858
23814
14593
86457
46267
2527
74822
18502
6578
30173
10215
98378
82881
554
47485
2180
1993
29172
88287
99573
14524
61337
25462
49267
42097
97859
27809
42950
17306
85508
22587
91516
9321
37179
94324
71939
39705
69146
90441
62635
99318
17007
77364
98550
17560
41200
729
35904
70371
5367
35476
1246
83055
60938
50512
25151
75148
94672
68101
8806
80179
90687
16673
89500
44217
10996
61438
83922
80141
68230
62908
95810
85236
40271
10711
19148
81471
27791
55051
68193
49509
90527
69439
32564
67816
36302
74066
59315
30974
42166
68120
11152
49204
84792
651
93421
12140
78441
93694
92280
46670
56601
4442
48258
13223
31504
67405
11045
59295
22455
79238
25155
29333
65028
57718
13500
1329
48136
72815
32302
90301
57286
59806
55857
58430
76808
65629
70569
55248
75674
79200
18270
32274
83641
66527
61848
31497
50283
72893
90791
89089
52130
15945
34774
33509
90015
48273
34837
38150
21087
83491
44802
94725
43296
17010
53154
36455
98990
23722
91703
74663
19273
26324
23288
2914
9202
85136
50762
59484
58028
41552
64924
26509
73848
99697
60017
80214
47970
11205
34715
85408
11047
95869
80132
70694
12878
49637
7149
11868
73358
15203
2882
8983
41526
26170
28248
50727
27657
79009
26562
2036
20560
91485
44896
10759
91182
21264
7325
39151
48820
42039
40910
59867
37907
21042
30560
67137
70678
54060
95356
60388
69262
98237
69370
27139
40758
97617
94217
68414
76625
37130
86801
13536
28615
31696
40646
36148
52959
64322
91650
1779
6361
32559
77997
60619
69952
24908
44107
40630
78968
39462
17369
64581
54051
3090
91720
94808
706
2288
79574
93682
39418
66374
23569
68032
14422
80566
20531
67380
44888
12180
85510
67600
61090
63506
28218
31042
88414
88677
71671
83733
28138
5391
48313
98540
8480
56384
93348
25537
58672
72921
19218
98089
55646
59138
82472
70067
39703
3002
53799
84590
31533
55660
52189
92622
35518
96759
23663
23931
85435
11685
24015
29924
17075
88679
28464
25554
45063
38163
51090
3734
27435
86659
18174
99432
45796
645
69499
1851
19998
39649
86440
67882
95308
54981
60503
30825
68091
84166
71107
69877
12202
11473
99800
45629
152
44615
71182
45214
99129
38624
65299
26563
41634
99824
25995
3782
16820
11845
5632
36817
51493
8423
4698
63152
63403
81552
10329
31493
82069
97787
17721
94271
9260
17521
39899
9411
78487
27432
70976
77616
82407
36274
20530
24041
36097
46524
44174
69268
74720
49805
6084
42564
58227
27133
5716
37982
8684
32396
85826
7105
30182
3547
1375
39441
37419
57625
48851
32257
1408
36178
9872
83815
88803
46754
24207
41251
9629
68380
10518
84349
34536
32953
26912
9114
60085
48979
63447
85121
81374
49273
92225
27908
69171
9951
67348
6589
83927
32551
38845
85334
68728
65069
69148
57531
28174
9706
98781
37802
94437
25651
22150
28972
58603
65414
54438
18688
30744
17884
20160
28470
83508
28736
56377
52678
55038
40076
75618
38964
88978
30815
24297
74058
12235
9797
47940
40408
35854
46720
78209
30291
72370
16711
75614
47325
98476
30051
66012
45571
47935
2523
74040
47794
47610
46768
472
2647
86844
76089
41610
92173
23255
82258
66230
35489
8406
14169
75896
44260
77241
70457
74550
65962
3519
50163
13286
1994
96566
95649
47564
60852
98171
37956
8645
45780
84723
9116
64778
87918
1557
22739
80091
24811
4997
62672
76652
29754
76841
52547
74013
54081
39355
48562
20042
42873
15077
49680
44866
11642
45328
8782
72493
43499
46737
97489
5630
31459
6605
70408
35729
24513
9498
32171
65675
14494
94842
42326
44248
71682
11225
34612
42114
50579
83174
62156
93452
14602
11835
38317
42595
73514
47098
15087
17012
10186
12575
38994
57997
35531
25753
93725
76395
35250
25895
42070
66096
20736
747
26695
8770
11971
61306
50883
62550
60831
29390
56001
75432
57576
10669
18026
31090
74119
49464
64453
84304
78391
3446
42300
30273
45550
52376
6668
80800
78270
65089
63247
15358
65835
89941
24127
94158
51246
91361
56707
12077
20751
29059
3860
78326
56079
38238
9415
30197
87701
73868
14501
82443
93665
73152
29068
39215
25528
52087
36366
20149
17175
15964
35506
99361
5904
75984
93518
73501
67345
66576
85577
88095
11986
5789
82772
68065
44026
92187
98261
48078
82406
29113
46873
76070
2265
75940
31636
44144
28026
84353
64292
61552
316
16150
77264
22571
92133
87134
96072
75829
53709
98000
63923
82047
20140
46695
50111
64165
55233
64723
28595
37638
10188
75467
30059
12452
51406
78047
72947
95783
78751
37238
73686
95419
69739
50949
17989
61872
38082
30412
37700
8143
44764
17975
90189
64903
81021
56651
45420
36253
21373
74014
90242
31560
49480
36652
60363
17237
14698
49661
13019
9801
3251
86704
5219
72989
54004
39559
51212
92086
69971
5264
228
14734
23238
6768
95988
20610
63418
41407
73214
1142
15420
63455
49054
81251
16458
25768
98487
47508
91781
27857
57308
95031
30912
62526
68019
84916
2084
35583
77001
88406
40846
93580
19491
64083
16699
15479
84692
96468
73237
57905
13961
88657
37711
63014
86259
70520
5134
84746
18027
96914
28954
75334
8296
59866
54211
92666
61133
72647
28248
54485
61052
69093
48064
96895
33175
81114
12373
34218
77581
1961
8474
91541
6969
62536
70907
93228
33056
92392
94325
51082
89305
23278
42768
13952
83143
96978
6617
44275
69624
34865
98759
47028
3957
63174
43922
53484
60639
72646
4053
38219
74606
12527
29760
81575
91414
17018
91154
24469
9409
85478
91903
15065
8755
34670
29016
8250
47999
35632
68876
17623
86848
83987
81002
90805
63512
24923
60640
24151
13920
64692
62369
88525
93570
8480
86451
1336
41849
93956
25804
51257
79433
17706
82673
4540
68727
11688
29141
16726
63672
98016
50700
50519
98354
31701
57675
61866
72975
18314
2368
86894
99358
81088
75418
92927
5920
78221
94262
47768
72176
36418
15377
67961
70475
98049
72500
55554
9737
17992
72279
73408
16007
22978
40278
30713
71030
97953
8930
44004
16266
11297
30897
31975
92384
22666
24902
14655
17238
35515
62423
89414
88284
77799
73726
75111
92199
62577
30664
1935
80568
2942
91694
12926
42271
31972
43638
13300
46276
52567
57303
62541
80215
4551
94516
72599
27216
35769
3605
44454
87635
66027
50219
92271
60177
23944
67381
52376
2872
98044
70662
83439
17337
62356
96364
59607
10679
56354
89258
56954
8920
62912
35846
89135
67462
46713
78085
11029
98833
81689
71834
2820
64068
22052
95090
24244
62347
78822
92971
65218
93217
63633
65008
10553
42340
61372
86511
69370
34077
92120
26323
42996
55031
78520
48482
38844
41585
42918
66224
40417
40959
38058
59588
5026
76461
71029
45621
38808
49850
54944
20377
59418
18576
85385
69970
77267
63108
72832
46636
13536
64951
89310
56531
36333
84181
21365
91528
25765
64282
57752
82534
21592
95809
42121
42969
72269
29502
88590
27428
79351
59885
47805
38769
78460
49541
25090
72078
29000
14274
18713
42535
95576
8022
15417
31909
8554
36781
39788
34319
17415
97539
16852
55358
93347
75324
98327
81968
4825
3268
9395
528
63152
73551
55648
41611
39443
80737
30040
68442
95010
48752
27328
6938
73125
59097
55198
81678
12229
94985
32348
29643
92524
65551
1353
2222
40875
99679
84189
62051
2946
93584
62578
66097
83486
34577
24059
22929
15314
54098
7722
26675
2849
35050
49964
92325
94146
5161
90354
6374
146
22702
52369
92669
88252
70073
94890
29126
69751
79079
7529
72696
89014
86458
55144
72499
21035
79202
11779
52700
33299
19501
95726
52499
70902
45690
61175
81399
50850
51528
4124
50995
74229
72844
60015
62481
42916
54905
7958
12666
50335
31838
1713
55700
18296
56856
44550
55682
36057
56329
8381
85707
92181
20458
54557
63082
66147
32083
44480
33349
83611
48603
695
74191
21447
60710
53023
80714
31966
60981
93380
82300
9170
95092
37999
27465
68300
98900
99498
20708
55228
24230
22767
47408
44688
77323
10489
27186
9406
71320
60534
9368
36275
61229
83558
74073
38290
36581
54786
70255
13913
64517
52554
23082
75961
6904
66899
44260
5803
66396
64967
77383
90626
87733
24790
51665
81408
51631
78850
7165
39302
55736
32884
75576
16964
16441
49648
55253
69373
20786
25507
83285
85302
94412
22719
61262
17667
5969
5521
23469
88716
86840
17203
95693
90924
41993
47357
88683
9975
42559
12199
49276
98294
45082
24852
31609
77875
90851
86861
47247
11636
28719
46884
96938
39482
85954
74551
57148
91922
80072
96968
80637
83263
30523
76330
90538
72515
40038
79221
98841
82596
91419
48116
80889
36501
89319
12497
14375
80170
15709
77973
8157
60779
24856
21446
16612
27161
95997
90111
19082
92420
3431
16071
75682
33953
8752
66219
22819
48789
61791
21659
47737
53210
69774
44977
6062
75445
57474
36788
71966
89534
31112
80122
66665
55968
17920
99628
99480
13916
89739
18562
22687
93169
34632
14720
27121
59735
97290
49939
8523
59081
71597
72611
28642
57722
17588
51055
49518
91413
4194
21483
97298
35305
17957
63962
7624
35876
63590
7104
66143
69680
42017
5181
62848
93000
19900
6320
52734
17189
72610
77608
92621
60558
50219
37614
18279
67806
5020
84149
75570
9213
5631
72867
44518
39939
36829
68493
75814
16770
75596
58308
86449
33964
79840
65648
26963
99739
88319
79696
33280
60928
57304
42252
21485
23874
79866
56115
8031
1237
40263
83600
10450
62246
56466
71319
2184
9646
39811
94350
26415
31759
69009
29215
65722
48849
11214
92685
48587
99532
88732
98218
60459
62387
40470
81943
86260
36687
54410
94290
37923
94672
77889
64724
56917
34355
36042
59101
44000
92205
53450
86767
23963
22458
32333
6036
87658
59899
15072
36245
59430
3804
50814
36241
66190
7635
34535
68802
44321
88944
63091
98596
83616
57332
79671
56884
91686
15713
15984
52037
24269
85785
55155
64583
24595
3840
70618
12252
63738
85690
64848
39519
5845
15662
75759
72034
23296
10294
40835
83969
99237
20278
98916
99204
77609
78586
56088
85646
10650
88423
54034
34918
74208
25541
99500
15154
29380
86470
43757
9469
72159
8605
48987
94355
40618
41098
66388
80265
51391
23575
80585
66979
60204
79500
66183
37812
74438
38622
23457
85087
27044
93842
20005
17603
19382
35856
49108
65113
22325
92865
74581
10835
17821
39920
5189
74790
81017
87929
55054
48759
11503
35639
15737
71706
31490
98271
25869
5927
53244
65677
7366
80288
59518
43722
97890
95252
79577
46998
60364
1902
56214
51297
29088
74034
91216
34277
48823
88584
22205
20228
37342
50059
72218
69430
38116
20060
84053
80336
42338
37296
46012
49703
17583
21881
93424
31825
17132
73001
95174
93848
91254
67739
45144
20341
58124
52711
70969
6946
41294
9525
43525
78635
59583
15743
64416
14050
52154
48468
94385
94491
2116
56748
44194
36050
78629
53969
84226
12112
43321
79399
5959
34574
63489
67454
71267
21612
20164
58587
44909
61457
68112
88434
56443
44046
20528
20859
74448
72681
85678
68832
67171
87793
41932
27716
23843
20560
81685
8068
49023
25005
3819
54982
75931
67307
38787
63549
5271
58951
22135
50179
20407
90246
54964
76850
50644
75491
97708
25091
64523
83385
10274
48046
87530
52205
75761
11372
89116
57445
19439
38139
98802
23257
9472
74732
6916
48258
38280
12186
7208
60414
62364
43967
67012
33680
20816
34007
9170
34875
59097
90045
34611
69370
38090
22140
21575
13850
49863
27042
87647
69302
65180
86448
8910
91003
61179
32177
39261
15810
44362
62820
92575
23078
6786
59586
56757
43953
93592
82278
95179
69040
72322
46142
38410
10411
84633
76336
40613
34496
19729
28259
3797
84909
14706
29058
92263
92236
61235
47875
8045
21948
10695
619
45025
33832
76557
1781
94137
86500
411
5667
55540
72732
51808
10301
99495
36441
2988
40107
70936
22716
68365
91084
23976
99422
20141
16239
91657
97727
64113
16053
19675
91159
33023
64699
41343
9579
82832
35479
12431
83242
41145
84322
72325
9305
94622
71819
45745
13961
11925
33032
53028
96641
24115
93356
96062
60607
9594
4070
74686
90058
36474
94360
81217
69497
75410
38911
95427
74593
74389
7857
74186
31885
92178
46511
41189
3151
18329
3285
33463
46606
36316
86491
43246
76782
79846
55660
53741
5791
76081
28426
95848
12555
39137
93416
98403
14546
32326
93829
5491
23066
18038
79676
54951
26567
26186
12491
29718
44515
15776
63180
7472
68443
66022
50717
45225
45867
22728
15317
68009
98809
43742
63857
27715
82878
73624
26117
13775
22302
36297
19265
45367
70686
98941
16669
97253
41478
45512
43322
2344
77639
22853
9815
46081
88875
76884
7657
51093
99611
22973
35454
98419
83066
99310
26133
82295
89285
68601
12422
11586
4898
31686
73305
91935
46978
89973
89187
4808
51836
48860
7151
29474
71713
33318
75555
76939
10201
99563
44383
9811
38888
79836
24582
21953
95497
50714
20600
1134
35667
33021
12719
40564
81058
2375
48850
44388
8700
54389
49195
60535
3248
72697
90009
91312
6014
81915
84602
16214
97829
45337
26025
36716
41524
66958
58669
53373
17671
79268
54506
53337
28640
83576
10252
9697
85951
75454
54084
94650
29842
3278
55184
33089
92327
61544
40753
98340
59810
41706
14554
57639
87042
56930
94354
28566
23887
69374
81938
57909
64993
52795
27598
93632
36370
54201
3329
22320
29654
57412
16969
59495
77042
88505
8936
85720
66400
49688
84059
26210
91393
14964
83848
94787
88245
78201
23352
12131
47575
21641
86392
12567
90787
13989
6199
27156
68189
25879
65828
14195
99642
99148
73689
93035
87652
82624
78754
70404
48663
62813
96613
40056
77776
80460
34842
82373
75012
74545
10855
22586
12537
97246
51505
3323
27586
74055
46830
12127
16285
12657
26321
15926
11805
9
8961
15808
98985
87714
86211
47647
66878
82823
4054
61006
79634
38895
43378
54646
29791
54232
93583
58679
67830
61439
78353
95415
51845
25183
7541
68129
54191
50213
84055
65995
66574
9367
98155
65558
13432
84365
13204
80310
83540
17258
57667
79525
72504
1044
50522
18647
71627
44105
77325
39456
21895
72030
51223
73740
97212
75115
41868
67754
25328
42274
50101
91901
51640
48255
73810
65072
48971
3365
45381
32510
20622
19399
28387
9478
36794
78908
28124
8420
23012
21800
64228
61259
93829
15450
34998
7392
6916
93217
75146
32243
35491
41598
40495
87130
89852
30656
68553
38822
34021
30285
87684
70994
49683
16070
80471
86476
94977
24946
94896
34341
63098
75475
95599
56926
7276
46948
80670
14191
40164
72167
62786
92006
13764
19632
95488
3615
50288
64040
58788
84308
94325
62823
55301
44007
78892
35772
46835
90221
77069
58082
40913
40166
33556
36511
13444
40831
99810
94113
71373
56325
82631
34158
48331
96394
53790
60170
16360
4077
24209
91499
88384
34885
54322
43684
78892
49565
95807
25726
39785
72876
83807
80697
29393
33714
33559
42836
90896
49720
53300
62268
6045
35930
96426
70727
48675
50215
47248
81386
70643
71456
72885
59026
6341
43558
19061
1584
93122
31220
43661
49259
4095
43819
46307
49839
93884
79866
92675
84779
45937
45974
47046
68333
98256
43471
55411
46930
10037
2658
28316
80679
90466
17552
56056
13158
61109
91469
31093
54230
22688
74753
19840
43134
34923
66147
92972
28806
62364
85646
13584
8300
47972
76981
76633
46227
20452
48395
9508
46840
51053
37823
43871
41518
71726
16278
71027
32834
7746
2119
3416
30433
93223
23255
73566
44497
89401
82890
73302
68116
84887
3237
76416
32858
80217
69400
79084
17020
34146
88592
80212
85198
42766
24082
43067
14492
40359
14093
63677
48105
32563
83444
94889
25785
6699
84807
70281
12451
67696
59934
96919
52582
79522
73334
1792
76091
59085
97227
93110
93230
85818
89673
94780
44936
13754
54198
75779
70465
84643
55807
34921
17205
39251
29809
59342
62301
30967
29622
91103
15014
5908
88021
83948
85429
77706
85739
77871
36790
82965
70981
46372
85135
77005
41151
30070
7111
95348
22200
77575
79990
78006
12495
13547
17256
58655
72888
79556
5974
18861
87011
20987
41120
75031
4934
26549
52737
7024
4419
5878
89989
91751
52249
75123
85108
9751
21544
92218
21451
60095
69792
1440
38100
98638
31338
71708
73644
4225
67615
79617
39438
54625
16956
80557
29656
38241
23457
82392
45265
44228
88269
51605
52330
56870
43079
37437
66620
64622
29654
88070
41068
15797
5862
79167
30786
37199
50874
4430
57776
18489
398
13565
73113
33705
94121
19120
71946
33930
1511
17210
78157
6132
85166
46838
79353
28244
84275
45972
9217
30280
50394
50284
62429
56255
29450
93214
9805
96676
13995
83932
31516
14393
13848
4628
64449
24321
40100
36394
58250
57962
69955
52758
64093
55120
99595
59797
99715
221
5769
8931
30501
72514
59214
92929
45120
5016
2494
71276
18043
16489
55208
49558
47233
69055
70537
11681
93375
10636
64427
67976
68598
34381
20733
49042
5853
36680
8839
5567
36900
30959
14498
83752
3472
90063
93032
48591
11430
95526
19866
29472
28366
91425
79029
91950
76832
49566
19982
86558
60201
84408
54534
45150
35141
91618
94192
40993
44649
3030
62911
81549
33988
93760
81652
53811
83823
91036
2401
95252
2913
38618
41076
31278
46395
20104
39579
23226
86021
59560
9783
62574
43968
80668
7723
79108
88638
1914
36452
33286
21295
99362
31186
55282
93122
29190
9092
76944
20225
27844
88547
23137
82814
45974
54414
29208
66078
93992
52433
68450
69903
78567
31023
13870
75587
55098
9329
80576
73363
45780
13861
94658
45142
61399
66291
38263
90588
75383
31558
10812
19578
36456
33948
2391
82430
4713
47950
64859
15056
16734
49660
84958
11653
97035
98828
87239
52132
24508
67814
25494
70288
98026
36503
15429
59424
2794
70043
50011
78176
17952
60822
14105
54407
11121
32848
53188
15833
80797
34398
30888
97531
84058
32198
9183
81092
31025
12773
33223
71884
80586
75068
42171
94963
11571
73951
54387
14364
43993
20749
8891
78296
81571
39347
49055
92691
72194
2242
24876
52991
36640
55763
66873
20697
87960
76055
18140
35336
88827
67714
23572
85764
42781
65742
80726
70703
39693
51464
1418
37
72213
26660
94685
70135
66007
43739
79177
38200
45980
4052
7542
98971
76167
74414
36019
80478
66820
54158
32166
71998
38223
55737
57761
81004
21478
54839
68058
77522
6302
69476
93911
94866
96135
88595
65000
78493
32333
44177
16693
94664
64580
40586
9987
40746
31352
46005
37576
98171
16515
69741
70169
54737
41829
27929
52092
63306
99119
20150
57180
5421
5977
51090
16638
18463
56036
81638
96956
88368
42166
30000
99383
6745
86937
9369
63843
18288
71726
17770
16459
88240
87510
86627
59328
45690
30907
11420
25347
30026
47921
82526
51798
70249
49967
68435
5063
6002
66424
2018
10721
24941
48369
10104
48038
51658
35824
28232
69945
7549
46001
86403
12140
49862
89381
71468
95551
36640
99239
20897
83017
63511
19775
34814
33759
69741
19600
38821
92095
2376
57191
2815
27316
21911
29270
91705
73568
81446
19936
43513
88994
65936
46267
1134
15797
52000
72601
11347
88639
88191
48596
71655
51701
68370
22820
1811
38110
58771
40631
46556
77498
14173
65723
21166
36084
94992
12870
26003
76437
32806
69515
81783
98741
32134
82916
30890
84133
71868
58588
89123
76410
7183
60777
28110
91904
99948
29920
46366
58718
86902
92921
52568
1075
58643
73733
53510
69987
86602
79512
62775
19407
65379
44557
34500
97512
43824
81741
97996
32043
40328
87118
8452
63863
64246
52913
55766
64193
99184
18483
39262
86086
11404
91829
3512
86398
81913
57021
56384
68515
36532
35511
4273
1910
96419
38772
99421
56595
20512
13768
88637
77192
885
13441
41054
81482
66353
13171
62026
81889
31654
1288
67974
59409
9468
71485
45806
91381
28505
2190
76247
81388
54052
80519
83298
50470
19291
99070
7064
56154
12838
12053
33345
30074
25493
90750
11556
8197
20273
89933
90085
51926
91220
74410
11334
17040
62246
73491
24772
90750
75680
17370
88490
46083
97888
71787
96553
33530
87208
3616
89684
16397
32020
39380
62823
57512
46482
90730
82061
66754
80662
88497
18679
88234
62907
46364
21625
25152
19854
62748
32254
11886
80117
37095
57968
78004
8881
70872
27886
12440
90840
17569
45189
22859
73300
8011
96723
19781
15092
78783
86534
95753
83631
21564
338
62889
84279
21962
4393
4133
84709
52998
32370
64825
90092
6689
59181
15324
77561
87066
27763
68400
20986
89303
91258
10637
13665
4332
30418
28756
83114
33303
40861
83097
54867
41198
45985
55497
63160
66729
75981
64220
19726
8350
29045
9817
31391
4577
25140
8951
91642
69255
93702
28979
74909
1311
39615
88574
5643
86384
17329
5108
19687
74541
88204
90905
15739
50541
46401
95250
17269
22382
59469
36995
47083
88513
63163
78473
9441
88303
87423
17434
73909
81124
46412
48817
98787
2379
37390
4429
88762
71071
9536
8448
45611
14092
99352
77701
64632
62105
72950
98252
84486
32419
35246
31568
37283
14761
10041
46724
3063
13815
64157
93323
11291
26921
58491
10077
29299
95881
14505
34412
83303
40392
42860
45265
54483
58563
22966
35466
20667
12267
33718
21504
61037
85315
53072
98320
75
79464
61395
19489
93278
41903
29163
4568
68823
87654
30996
14473
99886
61852
48885
83188
2244
8096
44804
73078
83010
84121
8544
3677
96388
58613
41532
57424
43927
94603
72095
60354
90418
33489
79842
83696
91744
9005
4615
76918
96658
51963
91391
96543
13814
56627
96082
16057
81074
40885
89135
64083
41358
14030
84111
54097
72642
25643
11520
16568
36597
99967
76921
43367
49807
73115
27062
41550
98471
48028
18468
11480
16342
26210
24374
30156
99188
20455
62564
80261
77691
51698
60695
35400
65727
61158
89496
54720
3152
17368
71288
39748
17334
64560
99466
67140
54026
42879
8690
52496
90907
43509
63975
23600
69718
88348
53755
68905
25154
16319
65517
19197
84368
42563
54596
66447
3720
44092
21166
6871
61459
8805
62971
95144
73365
62436
62283
43742
5315
87324
96238
12573
30832
76564
36172
16901
81264
6279
2157
6417
22597
67673
41965
23316
10236
12913
89762
30307
73356
10928
37178
51166
36084
16500
46309
25800
78935
24943
69542
601
12267
82131
13173
59450
58694
65697
92703
39957
71975
94859
62726
10923
78884
21042
34238
89119
33954
24000
19425
7309
51279
72954
58474
87362
89453
21134
29514
84740
46077
99055
85340
74695
81185
98513
34144
39878
80561
26846
96187
52535
38057
58912
63457
16940
96305
97694
22410
30259
38045
58186
53919
5675
31140
12393
9389
36944
33526
38902
21683
79602
37956
7023
54296
35492
21887
4792
91721
2447
47989
87907
54981
86045
63170
34789
2984
59475
48834
41745
6085
3231
99931
60003
8905
31070
72395
34645
68013
22273
73546
6048
18226
27853
13070
88874
63344
51308
10017
55065
53754
58005
59323
25086
60402
22493
59874
79737
98319
25059
21482
4403
28289
21412
64405
37194
68833
53152
71838
53197
91776
61736
59244
10001
89588
72313
15226
69284
23620
25242
40700
93725
99599
22
18810
60000
38866
95035
39736
37184
20094
77569
41586
48382
15332
22343
1927
84164
75494
90117
37361
67269
68204
96604
93621
57791
85269
8847
43426
25240
50440
84125
18965
50038
84147
54126
10037
23012
65513
66125
60196
85606
60045
18133
50339
75377
40475
68618
59540
32320
75086
13252
99588
43289
9856
9561
17431
11476
18407
60857
36715
68846
44981
72031
35236
45479
42509
45272
68491
8021
27748
45038
9978
87793
79522
60316
79521
19997
45285
39060
52316
20370
52312
68256
63658
78519
77816
81089
6346
12574
58297
59412
97771
3277
47795
33006
48756
90303
94630
33598
98323
38729
94987
8300
42873
74508
84967
22393
94504
30252
77805
63172
66973
30116
47779
46983
24986
25594
44423
47683
54519
2719
7094
52289
22347
54888
1647
87454
61542
12628
21051
59864
51356
16037
84515
10581
6897
85834
32973
1400
32437
10777
80923
99409
57244
28701
62743
98581
70646
7165
46263
25164
26235
53357
93805
48582
24596
11803
36035
86138
24430
73438
62353
92137
5826
63220
2717
12722
65405
52042
30474
97841
62818
11396
13601
20062
56449
76344
18642
27094
99860
64905
68610
26095
34613
62414
91028
75560
90568
43414
61697
31349
16851
40402
23485
39029
19973
42554
51750
85377
94595
98575
83217
57412
9971
96817
93825
82771
89512
28819
9864
5724
10075
78473
31818
61039
57238
39197
36598
47805
82610
98295
95505
15813
55048
18990
54841
75020
61543
22942
60396
72489
21517
59964
46252
47839
73132
40077
30609
62644
85247
40472
68367
95321
35297
16536
56359
8886
72084
92956
73043
54693
7602
68547
86857
79001
3888
41697
54020
81782
64639
30767
54270
2507
90730
522
50345
63862
56950
80953
42857
42196
37776
11223
53868
89424
44110
10226
14662
16193
19533
87704
87237
27135
72602
74094
6135
76490
32142
76507
58271
13132
7273
28893
15638
14355
29414
82334
78216
2715
79638
21072
61262
17414
48646
15129
23189
9107
25354
37850
41651
44886
41905
45239
88372
14507
19332
10859
90996
67826
3717
65618
97309
10989
94510
12947
25343
40275
11632
19910
42989
91270
40981
4250
25035
5978
35730
48223
15084
61083
2425
56734
22321
44329
1973
27044
75187
37656
37902
82534
21833
41618
64504
19142
68959
59013
48440
10653
15640
60071
30563
74980
67692
87895
95582
92726
93873
31311
57301
25308
92394
76077
98394
31066
36757
16718
58109
11944
70725
12363
10829
92558
53980
75332
28051
39290
50697
76490
49943
66336
52912
96857
41315
20604
84751
36896
29681
94975
84559
3333
36635
93304
79409
35028
24369
16166
68097
98829
44461
38821
11191
55289
31378
81523
46973
75780
20812
97669
52269
87106
64004
21533
83962
21670
58488
85065
74918
4520
96391
59476
7853
33025
52779
87261
84404
77147
19778
52500
92327
80590
91321
3518
52231
39050
85040
99203
14830
22203
13223
83450
9309
77226
4982
9622
15247
79821
94686
90164
84341
91077
49639
92193
40453
2417
95805
24857
95915
31935
93708
4594
28876
85028
8111
81106
40430
9502
96660
55259
48056
9882
55060
57364
3459
76394
66986
18706
56214
78023
25221
40554
69099
74860
49098
25904
93628
61255
50760
5895
9541
44467
10488
38416
45847
18598
35874
86276
44451
32533
57886
92506
58767
12945
66222
62225
89338
33207
97282
45552
11229
22503
2457
96680
97362
67907
22583
7341
29161
89694
13235
55053
50512
23722
93468
96358
58671
29341
82633
19473
78226
56870
11979
36992
69815
78200
15568
59152
27758
12850
4703
55338
35352
23512
68369
49065
91418
7303
72757
36930
96996
85992
8334
63860
26065
1801
60217
1088
47494
59202
36912
25719
16071
48890
79062
85885
43441
94629
61389
87550
7478
66091
42888
59181
5954
27608
24597
13723
34911
97354
50652
48258
99697
58985
12117
42113
77138
88686
43200
24631
47887
80112
66701
80309
45353
45762
82546
5146
40390
43934
92695
64220
26376
35582
23400
32330
79542
47997
46052
14452
45350
13056
62709
45046
88392
91178
87158
65529
79863
46710
6511
27749
43173
89563
24409
88525
35324
6954
93670
92066
50887
2717
56285
77263
38298
79684
9592
17839
27680
71995
48642
89381
85050
27703
50778
73442
18880
54288
55322
98742
997
61833
42842
44169
51395
67250
49045
3071
90556
59067
95136
41442
61783
51420
18704
16432
47455
44647
50623
91487
32994
99264
80867
18043
26966
31645
7836
62197
85932
63158
77290
3280
41342
20131
63800
9088
3733
29196
28510
10640
88262
39997
52081
66396
91416
87137
82828
55223
48135
49802
46709
81128
49065
27575
15523
92383
75571
23358
70931
77854
2867
48221
81133
60560
84703
61284
86000
4787
90480
30861
15426
78741
70858
67507
61489
78625
70995
44316
33847
19129
94117
80555
16609
59533
24482
32131
68267
16404
71840
39198
94258
91059
3770
91742
67970
88472
53026
70321
9611
59857
1182
25036
54949
72039
8894
16437
50663
96240
77104
84510
31721
87572
81416
48329
47105
5897
96811
31723
38653
85002
87272
32910
76060
91041
41003
60382
95865
10380
30702
5475
70236
31883
46862
25185
20273
72108
57973
70936
68347
35077
71797
67
22648
53212
48395
86104
75461
61557
17827
14113
46559
21450
63374
38970
12491
4376
15703
24707
31108
46405
46533
17695
94639
93394
59231
31264
81853
17204
2199
50200
52280
90347
50266
91279
43558
15013
77383
19018
92921
11561
49482
39479
33010
12855
94801
61852
33583
10503
86558
64690
73259
49442
98736
84250
59188
57967
15513
41040
75170
34063
91239
43801
40761
57857
35079
84318
72869
12461
19688
82141
24021
85521
21620
73383
98376
32772
35234
48310
59626
38144
29351
32885
87585
28086
33486
46772
86052
65350
87812
77573
15764
79050
21373
56524
53258
56452
57193
42478
85264
93232
24619
25637
78753
46238
99019
93480
95361
34252
41789
54986
72395
71139
4222
59980
99224
37707
23103
1628
19408
10914
79200
35171
6316
16925
8046
59573
73376
65239
18403
74991
58470
43021
627
53574
5610
15997
47053
970
66601
5193
55955
38995
76331
76529
15326
91907
30587
54781
9886
49995
65694
89085
1517
88361
6009
9563
64286
95736
91153
82688
87079
65974
25708
4057
19548
31317
20054
82952
48638
86654
88145
20944
42000
80827
97472
57326
72733
28059
12106
82618
78053
94151
88055
95921
98864
10415
5483
79501
22503
12987
78540
9581
78961
4247
13637
14860
51915
50042
14163
16904
36695
2307
37847
78695
83134
35319
52372
72218
79729
80829
71188
74133
91331
75594
70053
90194
86008
91888
86046
24862
4874
64585
50794
186
85183
80783
31397
53449
30824
45560
70352
67519
64218
24551
62565
47351
59869
14936
35921
55949
12116
7108
30081
3446
82701
133
9992
85060
92020
96037
26274
13246
76974
77067
13431
62156
57849
44828
15605
88673
6739
85956
72543
70956
26858
35107
34659
3078
66394
70579
59026
78509
94038
89106
98306
76738
5591
8297
78149
97610
20686
4422
27207
97659
81489
40638
59814
55689
1817
91770
44361
24907
94078
16903
95862
20935
68361
46872
24013
34754
17450
83038
13262
11487
72144
27920
4576
94086
36216
99077
91695
73253
3498
18902
70911
1338
75891
47077
57027
94059
38846
17739
18965
32923
34642
31178
53858
3002
78050
77870
54108
11851
77259
83721
39690
65754
11640
60617
59839
64208
59693
67886
37460
79543
3139
24723
97232
95381
71799
54258
89439
10644
71997
24755
59919
22990
55932
30128
42343
50333
24349
96450
78536
1607
96523
18225
83713
8162
78841
43551
72369
54886
27788
9829
34428
30926
34551
31659
26306
22701
2269
32096
49696
90617
56850
9614
13606
29134
39741
72300
79466
80441
85102
74353
98400
81624
92577
82112
89785
87770
25662
62154
42655
53450
88334
77082
727
39236
25092
27033
61936
27360
75480
11631
17976
32330
21245
47933
61463
77337
36585
57280
74130
21686
31633
72529
3309
40561
54640
9445
28330
96653
87950
70984
66454
76283
64417
67181
15518
89509
10565
93805
33220
86044
5436
67548
34725
43032
15480
96187
36720
52064
69819
10849
90101
17803
83377
9761
74715
54368
19206
3045
51021
7155
90380
17474
99790
54797
1006
31659
60657
27922
25464
93876
13966
30899
77775
48690
73930
9607
61229
10649
61670
47399
37850
68123
81553
21226
77883
56267
91946
97088
59311
42966
20595
66043
76791
20384
20839
94149
52042
97847
22070
93857
8074
52387
24755
85849
17429
15036
95455
78657
42037
73476
42407
79886
41598
23959
17463
35833
80225
9408
49272
55888
68725
69866
21930
61868
6601
59120
56016
74995
56966
78085
68851
65039
46824
93606
67239
64252
24993
62693
59260
67029
36169
1666
63266
94118
25624
97081
29950
22200
22840
95574
78087
91565
65439
16368
53432
72040
75487
25799
47034
32452
20235
32236
13843
67058
25841
81081
31309
67186
60126
90568
50566
12646
8585
30184
23115
34208
27264
69417
72760
50103
64990
50846
58019
30428
83566
27802
18819
59052
53600
82204
7856
73835
14440
38050
40892
56632
35482
88553
40169
95607
95472
90735
24604
4057
20918
47719
54616
64533
17135
27375
14635
82124
94573
89006
28903
78138
16807
64074
53541
70407
46277
61396
44241
77068
15797
1484
50052
51279
6388
90220
63237
1860
80954
87841
22268
18223
51911
93235
82755
69045
36962
97390
67520
47886
86395
12774
42375
19553
76847
95915
89959
39476
73663
50551
16543
89459
52035
82946
40737
74774
73166
3974
92985
54119
8166
15252
72342
60076
24839
55096
45472
61800
68837
12991
9685
71583
42116
52059
91136
18963
64325
97446
74790
37987
47997
7684
27446
16383
90630
84534
91156
63795
4859
84141
34265
13024
15744
22958
89451
40582
78054
34922
2381
63242
64264
28417
51177
6380
96827
58664
41694
61152
56109
16483
15490
4105
24166
42935
20487
31147
27469
27995
94941
48679
12135
29206
61703
27878
52163
51153
84812
46568
86075
87192
26162
66690
31961
77338
73069
45139
36001
31114
6290
92109
47596
21780
12566
88114
81066
33052
19260
24886
61046
14201
73565
89532
59758
51619
33762
28272
2771
18573
74840
5197
22116
17353
88239
54076
94690
61307
99215
47042
92421
21856
39150
56368
59987
51715
60833
41053
1119
80093
82290
78516
10645
55854
84400
86754
7472
18161
15025
26595
36733
6216
48143
58848
23568
36381
29276
34609
14040
28490
81650
22812
66697
20800
95531
26684
88866
56364
84088
6336
52808
66377
1204
63452
22231
1955
66557
46054
20115
97933
89000
73199
4149
37143
32046
44068
89875
61321
78677
3914
6162
60326
43077
89211
97477
38608
15894
2695
11323
99981
25382
64130
82709
26585
43933
4939
44891
10489
67345
65005
8421
72696
38203
28921
9838
86601
72989
16065
64273
51665
36330
86787
11990
79407
75997
9467
34366
91890
28513
45688
8222
53894
9817
90930
80479
53749
12221
25369
80589
95917
6726
89009
68612
61280
17930
94802
47880
90918
10866
28505
58934
63547
15291
70923
42953
91287
96741
93670
99528
25253
39357
7749
79147
65525
15030
75977
35625
43602
17697
16213
39518
40774
21574
24482
2054
39503
19283
66285
46772
46500
94789
5705
10046
10079
92979
69351
1365
6072
63020
17244
47676
18729
24992
26822
84253
56374
19150
19878
99975
53199
52442
55845
93972
74015
80326
12377
13517
15960
95014
76640
78811
89802
98696
88856
16233
8027
74558
33949
14098
53930
51193
61773
72658
92536
4947
73262
48909
40448
93139
65236
93646
45581
37432
3970
35947
34109
32698
65816
50068
27711
42455
28878
33865
57503
34085
50097
65529
24995
84045
95978
78924
35237
74102
51581
44125
79048
41194
93033
35848
50685
74620
29493
12617
12051
49814
48563
46159
98864
14378
12578
26574
56833
57807
60438
30687
8244
26886
12567
33238
10931
8544
12161
62519
82645
80093
6643
78045
21286
16028
13892
71970
6999
59736
84586
19050
25902
33149
81560
24765
63878
94138
51338
20710
51944
28128
67748
76539
55013
80314
9776
82295
88857
38288
61166
87854
18380
84160
65898
56018
16539
96141
44339
23538
55876
45277
42587
98129
94777
40498
22893
58654
34635
74231
95716
2931
18710
63463
79469
73722
43777
5597
72369
32633
43884
33534
36838
78616
17693
19087
50985
34232
15227
95323
74121
87455
40599
16707
85583
35375
57204
8476
10381
8191
99058
6096
27473
17767
69558
6941
7840
13334
12537
80208
62319
72773
30093
99156
51388
64138
18243
2372
14721
49821
14046
88841
37275
70997
21899
22858
22723
95454
47685
33103
3644
46742
39198
31116
64508
8756
54409
88699
38441
83297
85259
759
56069
15351
16267
23808
79488
34509
42531
94208
84329
72929
99400
37956
43925
21298
60813
66647
16752
8497
99750
36747
71590
38947
67863
52449
64054
38623
41147
2495
21919
26405
19605
94340
58108
35871
34499
53947
86731
93382
64507
71060
66310
63906
25367
10234
85204
86179
93232
18307
11027
9333
55053
82616
64632
39267
35064
28685
77889
92562
47531
16160
18967
67136
26851
93426
3006
61349
47372
89737
54730
28230
77148
37391
92136
2514
63976
93691
5044
57208
28349
32422
66540
83401
15037
31171
22668
50100
76208
16908
42661
23738
33067
77979
7225
76269
87756
26583
37618
35128
32671
8699
79709
26170
62442
71844
45035
26417
81886
50078
99976
10234
82499
82868
9987
13887
30390
32654
80338
6597
65913
39350
46687
15332
17329
70263
91600
5084
96845
45569
56563
29515
54268
52624
55684
16709
40819
718
59477
22705
67147
59453
49290
65997
42320
59276
79883
72709
8281
60220
95658
74194
99570
42344
5877
33250
28958
97476
54685
25803
43045
27600
55317
13664
80223
27353
30372
21041
44422
89848
60097
11569
65652
9387
77565
7971
68662
73800
97032
76943
34019
92689
67488
33588
51384
73364
83189
80341
70839
37874
6143
30235
65473
77812
43898
45695
21516
90621
83087
65937
80469
43184
93857
46120
52570
71422
70443
37583
61573
67474
30877
95591
60162
98364
45531
11545
88079
28719
8237
75270
82944
14380
5504
48416
8543
65754
10462
30058
56374
9901
95994
53194
53084
6203
99314
22005
77624
86108
59587
39196
53581
90464
51138
30094
5179
13020
57990
9610
41739
66226
84879
41034
96957
6734
5802
5499
72487
32615
51908
45213
42515
64254
98406
11950
70456
14071
33954
64431
178
9893
19978
53758
16708
71115
83851
21886
84135
58192
47847
42225
24418
32725
99610
21374
55811
5411
43225
28297
38026
11484
73509
80540
92089
71915
92490
62544
85985
42795
43326
2515
52687
63303
72624
69394
50770
56475
7632
51256
31018
55478
9832
55435
4555
9441
93161
60365
14852
52737
5013
52877
80572
94874
49768
72661
66788
58609
51556
69124
1404
94882
87990
54090
58184
60614
39836
25305
33440
47467
76560
64457
19296
2743
19892
23850
12184
29404
84214
43387
82140
89227
12615
62711
84100
78734
51723
67239
37343
3279
52714
38746
98160
40704
9187
72695
17669
49022
98000
51108
12840
90911
15564
32136
10006
51807
55985
22189
97562
40199
81927
79701
45777
94541
58764
46228
73274
26838
13466
26968
30116
82531
65713
28275
39586
91252
17322
57254
56625
31673
8361
69465
38935
40277
1600
48940
92083
73936
87480
89645
14134
69406
85697
76262
80298
60812
22489
69924
87650
52306
96891
34117
34837
78956
62392
74422
70207
96065
48028
26831
27737
56388
12647
66671
96664
14246
15611
5099
88182
3090
11095
18667
88848
13143
11281
69145
73955
33769
39068
77956
2427
52311
12072
37263
31266
90815
28036
17824
86879
76063
44654
30967
48803
57301
97638
61818
87898
29600
66916
92431
32689
94362
11098
37888
7505
38730
7033
97811
72498
62452
75766
91276
14762
4189
28538
62379
95004
72926
80202
98234
65340
41208
29201
14142
14860
26838
75960
2757
56437
59227
11540
5477
69941
38989
43365
77445
77718
66749
75255
66567
45552
51020
57843
76666
71560
86380
39044
66563
75657
35598
64797
40997
76805
93997
71490
8016
37186
63801
10772
9974
39380
38663
15450
9320
77651
75166
86764
55368
41914
62018
21935
87466
29389
79777
80483
948
82508
19526
83863
58165
71475
65011
15513
48279
75359
3354
72646
12544
67155
99770
22517
6534
38432
54318
15853
16083
29484
18968
71450
87749
97337
93384
91566
43077
89512
72048
60376
72020
7926
44238
46536
79400
25600
78400
44031
958
81753
16676
13501
48907
16445
52369
71792
54877
23039
3996
70959
68874
22963
58760
56622
20299
68496
64540
79727
58007
52939
40103
46378
60864
692
92913
56616
26292
71312
646
27249
53065
33673
57102
18323
66470
9470
6467
21346
48860
10462
8656
17733
33425
83767
74355
70075
52262
55246
49802
10269
8184
6256
56646
69048
6947
65911
42015
49590
53574
42660
76839
22990
92684
33940
41313
59153
59761
47779
96850
8621
58240
21857
42705
8016
5624
17059
94443
74237
72304
60596
857
96840
66851
73855
82239
90149
39765
24253
39739
93338
83264
32929
16328
75947
83220
73992
51452
59332
21770
48301
84304
96361
70158
27009
20729
92133
44067
15171
66369
32723
75766
67226
45914
58968
41080
28152
65468
97196
52404
5206
90533
35667
38134
23212
27965
37705
97203
79416
97037
35324
44069
81340
48037
30578
8348
68765
22710
68767
287
5430
17841
92404
89007
63754
51371
30086
91905
16838
43633
60660
38396
50518
96326
92881
73729
40642
30586
87284
20058
27622
22607
64126
8961
70643
94703
33661
55759
33764
2427
56045
39193
20267
48448
28200
372
16170
74637
92276
49360
34622
69287
4107
85139
65612
96987
58867
22605
43924
46150
42662
71545
85109
23139
96858
55751
17841
30518
11510
51604
32944
83906
7149
69562
48706
51700
69933
64875
42688
78560
30586
77309
47846
34692
62447
29809
48031
21314
52413
91954
83815
11427
79851
68923
34565
76708
24674
52406
7225
52535
20361
56520
52792
43861
26081
1497
95560
12365
82724
38248
7276
29661
15556
55121
64353
94355
1281
28735
15668
53693
20688
15834
65119
538
84757
99684
77245
25782
68441
821
78316
5153
73692
47459
49014
16124
65308
60925
28488
48031
99172
35763
77691
31080
7235
58395
41786
8515
87129
57453
78560
24169
73286
43678
24706
74394
59713
18303
175
44505
35475
94842
49658
9167
42301
98671
25290
7608
59595
70130
71990
75119
22244
49680
22550
29479
24427
64335
54345
27907
38139
32904
52075
27776
76582
93133
2170
52646
11435
2344
97151
63261
97186
46808
72427
39486
61830
14069
63445
37776
84198
35434
12894
22793
1465
51795
52271
42243
16129
6616
70150
54267
39519
22224
98395
32452
15356
564
1450
43142
2907
98600
6403
16444
61759
95181
72281
39940
9249
35725
77715
9798
87510
6961
32591
88975
58755
84861
47569
91236
7828
17718
61854
63699
39942
60248
12502
71649
60811
13951
14791
63718
28902
37545
96513
7012
32725
68794
46951
41974
4518
24666
68123
92028
47978
713
97354
6732
1926
44922
97967
26105
78992
59821
89803
35285
20068
18657
6933
97231
32607
38075
77300
77861
75619
73812
84872
24696
42605
48175
83021
63475
89192
51143
71854
37169
68208
85559
60252
70133
30480
74571
96237
25823
50743
2392
61107
70810
21048
68040
84392
70006
22466
61691
47866
14437
51855
49090
39132
94459
13616
22152
57933
2807
89646
46138
56327
57853
31696
16578
44337
78528
91148
40574
4350
41890
59317
65457
29052
80364
49848
13443
66721
72313
91486
14587
86749
43340
80028
42232
54150
93643
80735
28435
96449
70381
74572
52775
44585
6268
85704
88922
84795
76852
45847
5496
35093
5163
70952
64144
1878
20799
93939
68598
93112
1776
83184
96212
45115
79563
38444
15616
73205
19178
44050
86005
5910
18622
55131
50495
41241
57187
39416
26035
50390
85262
47882
85482
6776
18834
65978
8653
55984
76268
77250
65447
78043
76786
61659
39509
56348
16454
55124
45905
35631
99174
48261
41541
34147
19744
8387
75387
76930
64154
17773
27319
49415
65654
29152
72542
839
95129
81194
56823
71396
74795
22269
65790
51580
279
5298
24280
16732
76774
86536
68715
75947
51148
10255
26445
70891
34993
1831
64172
99146
35955
7842
64912
1608
36994
37453
2447
48474
34998
59269
36222
9792
97889
2011
77724
98168
23661
18355
14899
434
4890
83613
76380
56037
10219
2824
43280
45211
21006
23803
60708
56960
31645
25619
74919
84990
79423
77365
33463
14420
52985
69684
24212
67226
88047
18287
65393
11707
36641
96643
12140
57882
80256
4871
30270
6826
24046
73549
68389
61403
97352
29096
18362
45348
71067
9632
30337
50489
86997
80151
64909
56333
66187
5472
23558
54233
23758
5302
82291
76750
1945
10782
34631
98552
32004
64900
5377
72401
54801
90117
33803
68504
35565
68516
13851
6631
78147
60539
57119
81495
57041
38379
54180
23227
43850
77737
93811
83959
83039
92453
77060
1335
3234
11690
99886
51589
92942
21614
23989
47742
11731
74143
16245
47295
42658
46447
70277
37157
23337
27395
18651
80377
65774
72830
3604
25975
66919
13766
9934
66309
6219
86993
67643
25804
15035
83880
77393
24328
5493
17733
72069
33575
91876
4665
97221
34533
67463
67497
88041
90799
94892
23044
87527
77017
12225
7482
2991
79143
21248
29276
61803
43818
32621
45797
69621
47655
29676
63365
71982
51521
81098
60402
85095
89325
81418
82316
40209
48880
66164
28250
56030
61055
51293
43556
38071
63517
51038
57414
59012
88637
86689
37166
32454
19309
82963
18426
83315
28990
98143
71648
80510
95592
48401
81957
84916
29818
64272
25124
95049
30435
53373
67430
7842
21017
27338
62264
886
94727
19677
76249
83363
22718
13414
32168
58378
12728
50593
41693
41718
48735
29692
38579
44326
78093
20535
29241
24262
84806
70717
19311
31593
40441
3092
55786
61458
30429
18049
78695
25155
54078
54943
8517
93147
84708
40684
51524
13788
7629
93216
71857
72715
22908
10435
33393
17352
30970
62633
41613
32127
49701
77275
80071
90142
80367
35856
67951
10795
70257
46645
52302
40686
17939
77170
33832
18998
34206
1707
32785
41834
11275
4641
14548
50534
15076
47940
67885
46045
26925
9497
94523
92977
86772
74594
83118
67138
26801
51068
94284
97057
14064
46585
54094
32002
23755
4277
51000
74312
5984
136
16145
17258
4777
47044
67791
19852
11336
52027
82248
54612
61523
93122
47588
64646
67715
47058
48135
10868
14477
42419
24276
28541
5355
78370
76894
45461
82646
44245
19772
4981
44381
52268
22238
49157
99312
6380
85360
26999
58406
83959
81610
19929
77080
45549
926
61147
92606
49061
72014
23435
91479
12641
51975
13185
91010
28868
58646
90008
89465
94769
94988
33845
47037
17226
83001
46348
39957
84712
89698
98363
85022
87659
34643
78453
33207
35568
55951
42165
84628
44316
65599
92458
56957
33925
5643
47966
79144
80640
37973
68608
75408
49313
2452
22444
82890
1804
85143
22846
2867
74840
37560
87888
78850
72202
66341
28409
24122
38643
86925
25101
82959
52523
17559
39915
2799
39553
4232
81942
36544
58557
66902
11951
7869
69353
50747
90758
87509
35889
29955
90375
27081
67515
94615
22282
39716
77307
50690
80189
15949
37614
5290
98907
6488
22848
38821
9286
78752
43053
7580
15295
1609
74481
43597
25829
60185
94343
16586
47693
46584
46540
38068
90016
30406
49034
12297
86474
26340
62987
66662
42288
16952
71951
41195
23440
11150
96367
49077
6253
55771
56656
21547
73731
47488
65144
99559
7673
75838
32496
55365
22421
95388
9784
28788
25793
75169
41085
12266
1508
20423
78928
43796
37374
67230
1342
77165
78380
14060
42594
84632
69831
15601
22531
43561
63089
4026
59472
87113
79863
91967
42477
18636
87354
68613
47423
13147
43781
4859
41764
61641
41633
37043
21788
79007
4273
23129
72523
99004
53540
15116
99987
23370
30717
22517
83283
10157
42894
42754
97269
39109
34720
56097
74096
38426
41061
21518
67924
1194
42729
9687
62834
84361
46730
84621
79719
67354
24101
68594
82709
77640
83709
82695
17362
30777
21564
644
40933
80809
59749
54553
19917
94468
10650
94012
49245
51710
31882
17168
52903
74610
26855
32088
75322
89936
16708
55041
73641
57160
23634
56349
34800
23694
55395
68513
54471
76958
69156
11755
57767
28904
82660
94035
39723
93309
88047
88968
61370
19928
6135
14273
10889
49341
46360
86210
55628
79420
41250
29268
52931
81235
85616
87730
4929
41011
72594
75751
34320
41749
3857
8438
87004
86516
2473
43079
79824
90519
32046
41194
26798
54532
71818
37686
20225
34529
23895
75852
30300
81497
5120
83231
62731
7087
87312
84011
64449
59906
59761
15121
18006
63618
23558
5010
66485
42382
48088
46309
32900
96485
3854
76049
51016
75671
13734
71240
26551
53981
63444
56851
51829
68563
56433
30911
92001
43744
14922
72802
3649
91034
87922
38007
71003
11479
43016
37488
53861
7455
148
3112
20291
4001
95513
87658
96023
9246
58898
22573
79578
38693
95775
47758
7255
52207
78669
15607
95951
9942
88408
15951
17327
76329
53957
88330
4160
13324
42169
74372
37130
42316
93835
57420
46316
89347
45078
58690
14945
20327
81262
10874
59019
93389
58632
82625
61947
53652
98231
57897
63593
2991
90200
97271
79319
60508
85600
99830
90184
27768
74201
27313
86435
84388
1085
32750
73734
62514
7791
88678
82840
89053
99552
58210
98793
74535
40834
60739
28186
55416
34988
8130
58406
41539
5400
54077
2046
7352
70258
8581
51471
44459
35894
37906
28846
53330
87007
18931
15843
94798
23961
15034
202
23512
73243
98994
14398
30428
76084
58935
2195
11071
67064
76953
52609
88815
47381
71007
12518
17638
79587
63989
62096
31832
18246
7293
1513
5252
42576
17355
16401
66536
48740
16602
6399
21982
31947
20796
68761
8031
79730
87308
35453
63145
64260
4414
51959
11640
75420
64477
29277
71358
44817
7725
19542
63062
31369
21054
84665
73944
38409
1066
40479
87148
17667
46877
25482
65966
84024
10594
73996
63753
97901
25800
26897
78512
30213
95208
90151
21984
76036
35780
9694
20852
59856
29235
265
91224
50288
84929
81520
5048
85994
21998
92196
20013
85227
34029
85978
69250
60974
76325
33003
75227
18476
76251
53738
48689
87810
60241
87024
63845
12372
96717
84696
72227
25951
1312
79802
76239
86241
61321
81286
72234
83319
89833
8598
84897
40213
94575
54146
17539
87251
3500
92765
5727
96103
46502
70767
83912
23094
57790
47757
35465
70859
48804
24043
96809
50116
3845
89399
52708
65165
70685
41293
64835
76869
49891
49731
33434
60817
20229
50972
48068
23728
43736
70146
19830
6589
40912
20094
46035
15053
84202
81499
85911
33005
5542
99072
99472
9386
88470
68531
90902
75506
9824
55737
68727
59714
5467
2160
36882
25695
53131
1301
65775
13218
71446
1956
36158
28709
22049
82192
43762
6250
80043
46024
55607
1936
45095
71430
11321
49917
39961
18574
25422
49784
74310
94148
25849
79777
12659
62730
21823
65789
64031
3949
95358
51828
5905
31516
80537
44305
30059
40650
66907
10101
3025
22513
12036
48120
10294
39708
14388
66606
58282
39809
32741
32591
50309
58589
28719
62967
37671
66894
45108
18053
70842
56817
69880
76746
4684
66768
37403
34743
7417
4309
61195
10442
43173
73231
74913
53466
29290
89300
20072
3923
45460
69164
36514
12120
27753
81584
75087
81775
64829
36546
99827
35671
93362
86058
28768
98046
52826
66170
49140
76594
70478
10334
3387
13650
83564
78299
83468
29206
83950
19891
33128
45762
89054
85993
57881
33158
83929
32967
14932
48757
85864
14758
779
79226
816
45899
93623
69993
12068
42762
46586
98898
53095
49973
28899
53011
44623
28718
82216
28573
64960
31695
74334
54014
17688
32214
87171
1616
81533
18455
66724
67396
49564
67503
62973
66731
13401
56595
36723
41820
15708
83309
57069
68803
49633
2320
38165
94255
47389
20380
22827
12349
52074
13512
66362
86113
62078
69884
4080
59962
88338
70804
43709
54254
54658
6682
20984
84410
79628
57707
42581
95336
57367
99650
80490
6999
18321
18654
1253
65709
39033
40432
78057
7458
70295
60770
9923
32372
47006
14002
8685
51695
1157
52394
5948
55814
59075
26932
56575
55054
990
99156
50389
58356
15157
47230
65354
33477
65883
82958
15537
21267
23389
9946
45077
93684
70715
54999
42407
34072
85352
51092
85767
86509
3485
91714
58674
78911
18645
15249
33964
19634
30756
705
94341
45912
47934
59694
95740
30169
59004
27628
51435
82392
37573
96511
92427
24640
51509
34834
58711
53213
85925
44477
39721
5761
36191
14746
84671
71187
46346
34986
7173
77101
52042
1513
39364
16328
77559
35103
46496
36562
79083
97930
35305
33007
10793
27732
57646
62301
62565
32709
31865
64841
93537
71585
70601
46079
2683
71623
17266
49028
22960
40790
26129
75002
42302
65492
91329
36212
16947
54176
72773
96029
68457
8078
45387
79249
52161
3033
57902
31077
52093
89766
12269
45629
77703
99221
8060
80385
70843
41677
29412
10154
82466
55540
85155
41119
37384
92835
77331
54330
63362
66455
66710
31819
90884
12096
11067
43044
31480
85320
90472
99924
75086
2740
61905
52788
1960
69964
33172
89154
11640
62583
99308
94105
34475
814
51575
71858
10001
28905
42539
73362
95360
25600
5180
2595
54047
32599
45639
1879
17918
52462
1802
93003
55202
63706
62142
73513
33669
95313
62667
61660
74248
78326
72116
8722
79139
23691
96931
89139
68947
39469
62501
80658
81420
84032
83253
35466
16630
28891
53696
50900
81352
71850
43902
52905
35555
6044
26418
85576
17708
89084
63587
91955
83761
35703
17028
62899
75745
13958
52038
44691
69778
30890
25349
51197
31273
8601
3015
47903
53843
56710
15154
51546
28559
59055
4451
80466
81450
47220
82393
15510
36303
45979
7464
20063
81681
40844
99313
57425
54801
67702
18468
24579
14943
43816
75775
46216
52416
95141
10470
22610
51851
25623
74155
96761
1029
94957
93578
98831
42176
75970
14340
94830
38301
38155
31244
36333
78998
30557
10110
33799
98258
28577
74729
29553
72392
50503
75768
41159
45644
86237
63768
13846
28211
54274
26958
29239
49231
20536
44421
91406
12857
58760
86236
51157
13267
17479
87490
8616
64387
13951
42414
78997
42527
17142
8549
31270
83997
668
72428
45992
86904
52547
76189
31466
6820
3146
60704
72402
40033
21477
80160
69242
80236
66395
20398
9854
225
24239
18470
64612
38189
77235
59960
97067
10729
68508
28336
94725
69175
17115
57068
72430
69661
33256
3895
92833
36401
80950
81586
92786
18778
61745
62027
99014
44491
98776
25219
44716
39367
43688
25679
93907
20923
85638
90974
31651
70497
19309
42727
56023
36424
99794
44804
22436
33049
65050
31620
85801
45999
13206
78586
64777
91302
56964
80142
35793
55740
21712
80508
11458
65400
22538
5364
2674
24527
96337
34324
95023
31998
93402
67397
84773
93195
12200
7208
42595
77249
55180
28395
39599
84737
23333
20727
76038
80296
17220
11830
52387
38932
92337
63844
4331
31226
85560
7004
55752
81896
57679
67126
13893
67432
34522
98665
60626
46721
22225
19572
40321
77404
47966
79920
62140
71298
646
54529
67946
17866
66359
36684
56797
75047
528
77479
6273
86087
834
78376
84334
74864
45502
14579
42295
80023
29595
19272
43096
51819
38843
83416
45574
3160
63335
24065
90810
80333
78594
58755
14550
44952
95438
71346
36350
12317
65176
58974
14755
82361
37350
99089
57224
82851
13667
15870
62873
43261
51493
5968
11432
90335
5736
57005
9846
69070
97422
655
65754
92367
59409
80303
37318
71199
68000
90019
83515
33175
48993
98270
15535
86342
13710
89110
69192
43728
4979
48416
86988
56471
70736
14771
63157
76471
88128
73003
61892
85549
73657
27646
77915
49418
7948
31584
20616
75948
37954
20482
9122
86946
18751
41009
89639
48812
30118
58830
92539
51449
23598
95879
24271
94333
10649
87428
70803
15128
76782
32694
17028
66790
60339
94942
16207
68287
42877
53174
60586
80831
73656
69707
84128
8758
27067
73767
57570
73537
48948
66460
24985
72545
62338
65607
66877
89339
69386
37679
4466
46167
86725
21494
29309
63415
32787
45515
31701
92016
98689
8638
89198
88696
94697
73325
97453
21763
47091
71374
95299
96039
37834
36635
68583
16523
2242
51812
22213
87979
89490
26679
34146
92566
64524
63454
55981
13662
25320
4033
5677
40360
12671
94874
29055
7367
84551
42860
45481
31641
14233
57132
44031
68418
93766
28966
1293
12359
80777
23505
338
86618
66535
50835
79184
31058
30640
51516
61072
55959
55548
83100
12671
84570
77974
41725
91936
62524
936
53769
10516
31521
10900
70899
99938
4665
99864
17582
33376
80640
41087
50065
83609
7621
899
62792
55031
31538
30659
16102
3848
2559
99201
16518
87128
93526
74595
95416
72401
75530
49184
82917
23402
60083
53815
39692
81099
53678
57273
30826
50669
98359
80890
34277
5980
81788
13421
61010
29677
60431
93463
33525
62989
92663
50042
50117
86189
40988
45532
58589
32870
11067
57857
56271
87501
28023
95962
68599
98052
