17
19
31
38
41
43
45
48
58
60
81
82
94
97
102
118
142
165
170
172
183
212
219
223
234
239
241
247
261
264
275
283
284
286
292
298
305
339
349
359
367
373
381
386
389
395
396
407
408
409
423
426
463
467
472
475
475
479
488
488
505
515
515
527
528
543
552
556
569
570
603
610
613
622
626
628
644
648
655
662
687
699
717
721
733
742
743
756
772
773
783
811
822
823
835
836
844
861
866
873
886
893
894
902
902
905
907
907
908
911
912
933
959
965
972
991
1001
1010
1019
1023
1023
1026
1041
1044
1061
1075
1077
1105
1108
1123
1123
1124
1127
1133
1134
1135
1137
1148
1161
1201
1207
1212
1214
1219
1226
1230
1235
1257
1262
1266
1271
1272
1280
1283
1289
1296
1297
1300
1304
1308
1315
1321
1339
1350
1355
1355
1358
1384
1386
1395
1424
1430
1445
1471
1479
1487
1490
1495
1501
1521
1526
1531
1544
1576
1581
1583
1591
1598
1600
1610
1621
1624
1637
1645
1658
1684
1691
1697
1713
1762
1780
1784
1794
1796
1800
1807
1807
1809
1814
1831
1835
1836
1839
1845
1865
1877
1880
1900
1915
1917
1919
1922
1922
1956
1959
1967
1994
1998
1999
2016
2052
2053
2055
2057
2066
2067
2074
2107
2109
2124
2141
2146
2151
2154
2155
2161
2191
2195
2201
2201
2229
2240
2242
2272
2272
2278
2308
2325
2327
2335
2338
2375
2395
2398
2408
2411
2413
2420
2425
2430
2436
2439
2442
2457
2472
2477
2483
2490
2491
2513
2515
2532
2540
2543
2545
2549
2555
2555
2561
2568
2569
2575
2579
2586
2590
2616
2622
2645
2669
2685
2692
2712
2730
2763
2772
2783
2786
2787
2796
2797
2812
2817
2849
2860
2871
2894
2896
2907
2909
2916
2924
2926
2938
2952
2957
3002
3002
3004
3004
3038
3042
3048
3066
3067
3089
3091
3092
3106
3108
3108
3117
3131
3139
3140
3146
3153
3158
3158
3159
3160
3164
3170
3199
3213
3223
3225
3227
3234
3253
3255
3261
3267
3268
3270
3279
3280
3280
3283
3302
3315
3340
3362
3411
3415
3418
3424
3429
3433
3453
3479
3500
3511
3526
3558
3575
3591
3597
3611
3627
3632
3640
3647
3647
3654
3656
3684
3686
3694
3713
3717
3739
3741
3759
3783
3792
3797
3820
3823
3845
3852
3859
3864
3871
3872
3874
3898
3925
3937
3949
3968
3971
3972
3977
3982
3983
3985
4007
4007
4009
4011
4014
4021
4031
4039
4045
4046
4062
4065
4070
4075
4076
4090
4100
4103
4113
4124
4128
4131
4140
4147
4150
4170
4172
4178
4196
4196
4198
4201
4214
4214
4236
4238
4245
4265
4275
4285
4291
4303
4316
4318
4322
4333
4354
4375
4396
4397
4413
4414
4435
4445
4446
4459
4459
4462
4463
4465
4469
4489
4538
4539
4546
4557
4557
4564
4577
4583
4590
4592
4611
4618
4625
4634
4639
4644
4659
4669
4741
4752
4753
4753
4774
4783
4794
4804
4809
4816
4827
4846
4852
4862
4864
4870
4883
4894
4907
4908
4931
4937
4946
4968
4975
4993
5004
5026
5030
5045
5047
5056
5080
5082
5103
5117
5119
5126
5141
5167
5179
5179
5187
5194
5212
5224
5225
5227
5235
5243
5251
5255
5270
5285
5299
5306
5306
5310
5311
5322
5333
5348
5361
5369
5384
5385
5389
5394
5404
5428
5428
5432
5433
5440
5477
5487
5499
5502
5505
5540
5541
5544
5545
5557
5557
5565
5573
5576
5578
5589
5596
5619
5620
5630
5631
5651
5653
5696
5698
5730
5745
5748
5749
5755
5756
5756
5807
5809
5809
5813
5850
5861
5862
5878
5880
5882
5888
5894
5933
5946
5969
5980
5985
5986
6002
6005
6014
6019
6033
6039
6046
6058
6067
6070
6092
6093
6112
6143
6157
6191
6201
6214
6221
6224
6228
6230
6261
6272
6276
6294
6307
6307
6322
6324
6358
6370
6383
6387
6397
6398
6435
6455
6465
6482
6489
6502
6508
6513
6519
6532
6532
6544
6549
6553
6572
6578
6590
6599
6628
6632
6645
6666
6667
6668
6684
6690
6691
6697
6701
6706
6706
6716
6726
6728
6735
6799
6801
6804
6805
6827
6827
6842
6848
6864
6873
6881
6894
6897
6900
6901
6913
6919
6919
6920
6926
6929
6955
6964
6972
6973
6977
6980
6984
6988
6992
6992
7002
7015
7035
7039
7074
7092
7093
7105
7131
7138
7150
7163
7166
7167
7169
7172
7177
7179
7201
7217
7253
7265
7274
7277
7279
7287
7296
7316
7359
7363
7366
7376
7379
7380
7382
7382
7435
7469
7473
7505
7506
7507
7512
7546
7574
7590
7611
7613
7617
7625
7631
7659
7672
7677
7694
7705
7721
7730
7744
7749
7756
7756
7758
7775
7782
7809
7810
7819
7822
7824
7841
7849
7853
7855
7864
7908
7929
7937
7958
7960
7986
7989
7995
7998
8027
8046
8049
8049
8086
8086
8092
8093
8099
8113
8119
8124
8141
8170
8210
8218
8222
8261
8285
8288
8290
8300
8321
8325
8339
8343
8366
8382
8392
8397
8422
8430
8435
8438
8443
8451
8457
8491
8493
8496
8502
8510
8519
8523
8542
8556
8569
8575
8576
8589
8599
8607
8609
8613
8643
8649
8667
8669
8669
8670
8674
8681
8684
8690
8693
8721
8731
8736
8795
8808
8831
8877
8892
8907
8913
8920
8968
8968
8980
8982
9004
9017
9017
9044
9048
9049
9060
9080
9091
9131
9134
9164
9167
9176
9191
9203
9204
9210
9213
9222
9237
9237
9243
9263
9263
9273
9276
9279
9291
9292
9305
9307
9312
9319
9347
9361
9366
9368
9376
9378
9385
9386
9387
9408
9421
9424
9428
9432
9441
9444
9462
9474
9492
9493
9493
9496
9509
9510
9511
9512
9532
9544
9570
9594
9598
9602
9603
9609
9626
9643
9649
9654
9663
9677
9678
9683
9685
9707
9708
9740
9758
9761
9779
9786
9789
9799
9809
9813
9816
9818
9823
9828
9832
9837
9845
9862
9864
9867
9874
9891
9895
9897
9906
9914
9927
9954
9966
9969
9977
9977
9982
9984
9991
9991
10014
10032
10053
10055
10056
10066
10068
10077
10083
10091
10096
10126
10134
10143
10145
10170
10173
10191
10191
10192
10203
10204
10204
10205
10207
10208
10237
10238
10247
10254
10254
10318
10321
10333
10334
10341
10349
10355
10356
10360
10362
10381
10387
10390
10394
10396
10418
10440
10440
10440
10443
10447
10450
10454
10455
10461
10486
10495
10511
10533
10536
10541
10571
10572
10574
10577
10597
10598
10621
10623
10629
10630
10642
10649
10650
10691
10698
10705
10710
10720
10737
10748
10763
10766
10793
10799
10804
10807
10842
10846
10849
10863
10866
10871
10877
10882
10908
10915
10918
10923
10928
10932
10933
10934
10939
10960
10965
10970
10983
10996
11011
11017
11019
11020
11056
11083
11115
11128
11148
11148
11162
11164
11168
11178
11179
11187
11188
11190
11198
11203
11204
11214
11220
11238
11259
11288
11291
11291
11299
11300
11311
11321
11322
11324
11332
11335
11342
11345
11347
11379
11381
11409
11413
11425
11453
11478
11483
11496
11497
11506
11511
11524
11525
11528
11536
11540
11561
11605
11618
11621
11625
11629
11631
11631
11635
11642
11664
11678
11686
11687
11692
11710
11719
11722
11724
11729
11748
11760
11796
11827
11828
11828
11854
11872
11872
11877
11881
11890
11899
11904
11912
11921
11934
11935
11937
11958
11980
11992
11993
11996
12002
12034
12040
12043
12047
12048
12063
12067
12072
12100
12108
12116
12124
12137
12138
12143
12145
12156
12172
12173
12184
12199
12199
12201
12214
12222
12233
12233
12247
12247
12253
12272
12272
12283
12283
12288
12294
12296
12304
12305
12311
12316
12324
12344
12361
12365
12368
12401
12401
12412
12416
12418
12432
12437
12442
12455
12475
12477
12482
12504
12505
12507
12517
12519
12524
12565
12566
12586
12594
12601
12613
12696
12698
12701
12704
12705
12723
12726
12748
12755
12758
12758
12779
12780
12786
12787
12794
12795
12801
12807
12808
12813
12830
12842
12845
12849
12865
12870
12884
12917
12935
12941
12945
12964
12984
13001
13006
13008
13018
13021
13031
13050
13052
13070
13074
13075
13094
13098
13134
13134
13143
13145
13147
13148
13159
13175
13180
13202
13203
13218
13232
13234
13262
13272
13284
13299
13328
13354
13361
13375
13381
13404
13404
13423
13448
13450
13450
13462
13466
13477
13478
13479
13490
13497
13499
13530
13533
13536
13539
13563
13597
13598
13601
13607
13640
13641
13645
13661
13668
13673
13682
13683
13691
13695
13724
13729
13738
13769
13779
13783
13820
13823
13832
13834
13834
13850
13859
13860
13879
13887
13890
13908
13919
13923
13930
13934
13965
13997
14007
14034
14046
14059
14064
14066
14068
14092
14102
14116
14121
14122
14126
14126
14129
14136
14157
14164
14166
14177
14185
14192
14212
14234
14244
14291
14313
14322
14331
14332
14336
14350
14354
14357
14366
14369
14371
14373
14379
14385
14400
14402
14414
14422
14428
14434
14440
14453
14462
14474
14501
14504
14527
14539
14541
14545
14550
14560
14571
14592
14592
14597
14606
14610
14628
14661
14670
14683
14693
14723
14724
14749
14756
14765
14774
14786
14794
14811
14813
14821
14841
14849
14865
14881
14888
14906
14906
14907
14911
14912
14913
14914
14922
14931
14932
14950
14979
14985
14993
15011
15019
15020
15021
15021
15039
15041
15042
15049
15052
15052
15052
15058
15068
15069
15073
15075
15078
15087
15097
15098
15105
15136
15138
15155
15158
15170
15172
15174
15191
15202
15202
15212
15212
15218
15219
15223
15225
15228
15241
15259
15265
15274
15308
15312
15314
15329
15348
15356
15395
15403
15407
15424
15428
15431
15446
15460
15464
15466
15489
15516
15518
15534
15534
15542
15548
15563
15566
15567
15569
15585
15589
15650
15655
15660
15666
15670
15673
15674
15682
15686
15687
15690
15692
15702
15708
15768
15771
15779
15794
15806
15808
15821
15849
15872
15886
15963
15974
15986
15995
16009
16032
16036
16039
16039
16054
16059
16061
16064
16077
16079
16087
16095
16103
16113
16113
16116
16121
16132
16141
16170
16173
16190
16191
16193
16206
16232
16262
16271
16301
16303
16303
16333
16348
16349
16351
16355
16370
16374
16379
16381
16395
16414
16421
16422
16438
16439
16441
16456
16464
16467
16468
16482
16505
16507
16510
16512
16523
16545
16550
16561
16561
16562
16571
16620
16626
16629
16638
16645
16668
16670
16671
16685
16690
16697
16702
16711
16719
16722
16757
16760
16763
16783
16793
16804
16806
16809
16814
16815
16818
16826
16829
16832
16837
16845
16855
16856
16858
16861
16861
16879
16882
16920
16920
16931
16935
16936
16956
16969
16973
16987
16993
17004
17013
17036
17038
17044
17054
17103
17123
17139
17147
17152
17152
17210
17265
17287
17316
17322
17325
17327
17335
17339
17355
17360
17376
17379
17383
17385
17385
17390
17393
17402
17418
17432
17438
17448
17451
17459
17466
17472
17475
17486
17487
17505
17509
17510
17519
17521
17532
17532
17537
17558
17569
17576
17577
17595
17595
17604
17605
17610
17621
17655
17658
17664
17667
17677
17682
17682
17696
17718
17732
17749
17749
17753
17755
17769
17773
17775
17777
17787
17801
17806
17818
17819
17820
17839
17850
17858
17860
17887
17926
17953
17954
17975
17981
17987
17996
18012
18026
18034
18041
18059
18065
18066
18067
18070
18072
18075
18080
18082
18090
18093
18100
18113
18157
18167
18206
18213
18215
18229
18241
18260
18269
18277
18287
18289
18293
18294
18295
18297
18302
18317
18319
18321
18345
18360
18373
18393
18399
18404
18405
18410
18416
18426
18462
18465
18474
18474
18477
18482
18508
18515
18536
18554
18559
18562
18580
18582
18589
18590
18593
18598
18610
18610
18611
18629
18632
18641
18643
18645
18649
18659
18659
18660
18668
18681
18686
18693
18710
18724
18741
18743
18747
18748
18761
18764
18770
18781
18791
18799
18819
18822
18826
18826
18829
18837
18838
18846
18849
18851
18856
18868
18887
18891
18893
18908
18911
18938
18963
18975
18979
18983
18986
18992
18993
18998
18999
19008
19041
19074
19081
19081
19087
19089
19091
19096
19099
19102
19153
19173
19182
19186
19191
19197
19198
19198
19208
19214
19215
19218
19241
19246
19246
19257
19267
19270
19279
19285
19293
19299
19302
19302
19306
19343
19345
19369
19373
19375
19383
19387
19409
19410
19411
19426
19447
19454
19456
19466
19474
19502
19512
19525
19525
19541
19541
19564
19607
19656
19663
19679
19685
19687
19706
19717
19737
19743
19744
19748
19749
19758
19767
19769
19775
19814
19818
19822
19870
19883
19887
19906
19907
19907
19918
19932
19941
19942
19969
19973
19976
19979
19980
19996
20011
20013
20064
20070
20071
20074
20075
20076
20077
20106
20106
20110
20110
20122
20125
20125
20130
20137
20137
20156
20157
20170
20181
20182
20191
20192
20196
20198
20201
20201
20206
20206
20218
20220
20221
20273
20283
20289
20289
20314
20330
20357
20363
20392
20395
20397
20401
20427
20430
20435
20449
20456
20459
20461
20462
20472
20485
20491
20497
20502
20518
20529
20531
20531
20533
20546
20572
20583
20584
20605
20644
20647
20662
20673
20674
20676
20686
20703
20705
20715
20735
20762
20766
20776
20789
20799
20806
20827
20832
20850
20885
20889
20890
20906
20931
20938
20961
20968
20969
20970
20975
20990
20992
21002
21018
21019
21041
21062
21073
21082
21107
21113
21149
21162
21163
21166
21182
21188
21192
21199
21200
21210
21216
21228
21230
21240
21248
21257
21261
21263
21267
21273
21277
21283
21283
21284
21288
21299
21302
21305
21323
21335
21351
21354
21355
21375
21395
21426
21426
21430
21434
21439
21441
21448
21472
21475
21488
21509
21523
21545
21559
21562
21565
21596
21605
21616
21631
21645
21657
21669
21675
21675
21684
21687
21699
21708
21716
21729
21773
21798
21816
21819
21823
21823
21835
21858
21888
21910
21912
21918
21919
21923
21931
21937
21945
21959
21966
21967
21977
21981
21998
22059
22065
22076
22077
22083
22104
22108
22110
22125
22129
22130
22158
22165
22173
22196
22201
22208
22217
22235
22257
22268
22277
22292
22294
22302
22313
22339
22342
22344
22362
22364
22369
22374
22377
22393
22397
22402
22414
22425
22435
22458
22461
22467
22482
22491
22491
22492
22509
22515
22517
22521
22536
22546
22590
22592
22603
22606
22610
22628
22630
22638
22642
22651
22662
22671
22675
22675
22676
22684
22689
22692
22698
22703
22714
22716
22718
22724
22735
22735
22736
22737
22741
22769
22780
22780
22784
22787
22788
22795
22795
22803
22806
22810
22824
22827
22827
22832
22838
22847
22854
22857
22868
22882
22896
22898
22901
22903
22915
22967
22990
22993
22996
23018
23029
23030
23048
23057
23057
23062
23065
23066
23081
23091
23095
23097
23101
23131
23143
23158
23161
23183
23201
23203
23204
23212
23217
23221
23221
23251
23298
23306
23330
23341
23343
23388
23390
23402
23417
23419
23429
23432
23456
23462
23518
23531
23558
23582
23584
23592
23592
23595
23597
23599
23607
23610
23622
23626
23636
23647
23651
23657
23658
23659
23659
23660
23660
23667
23671
23676
23682
23725
23729
23762
23768
23772
23796
23802
23820
23824
23832
23903
23907
23917
23918
23928
23937
23938
23944
23947
23953
23955
23955
23957
23963
23971
23980
23980
23981
23989
24013
24019
24038
24053
24060
24069
24072
24117
24134
24135
24135
24137
24149
24156
24162
24164
24183
24189
24201
24202
24213
24219
24229
24231
24238
24244
24256
24259
24260
24264
24270
24273
24299
24309
24314
24322
24328
24332
24332
24344
24354
24358
24363
24365
24372
24381
24383
24396
24438
24455
24457
24459
24467
24471
24473
24474
24492
24493
24494
24500
24510
24515
24519
24531
24542
24565
24569
24572
24588
24591
24598
24602
24609
24618
24626
24629
24639
24653
24667
24680
24681
24692
24697
24700
24701
24714
24719
24730
24748
24752
24765
24771
24776
24786
24795
24798
24801
24827
24844
24854
24872
24890
24907
24913
24935
24937
24939
24947
24954
24962
24985
25020
25022
25023
25025
25027
25030
25059
25065
25073
25073
25077
25077
25083
25087
25090
25096
25100
25102
25122
25128
25147
25153
25155
25158
25169
25171
25180
25185
25206
25213
25219
25229
25232
25250
25258
25292
25301
25320
25325
25332
25352
25354
25355
25374
25387
25394
25401
25404
25407
25422
25440
25463
25469
25474
25477
25510
25522
25526
25529
25531
25532
25535
25548
25558
25572
25595
25595
25616
25657
25665
25674
25679
25686
25687
25687
25691
25692
25704
25705
25715
25716
25719
25728
25742
25773
25810
25828
25829
25847
25862
25869
25875
25882
25892
25903
25913
25922
25938
25943
25985
25998
26006
26012
26035
26035
26036
26072
26111
26123
26134
26139
26142
26152
26159
26162
26171
26215
26238
26241
26252
26255
26265
26272
26281
26283
26292
26301
26302
26327
26333
26356
26362
26384
26409
26413
26432
26437
26439
26452
26455
26468
26470
26491
26492
26495
26498
26505
26506
26518
26530
26548
26556
26568
26573
26579
26581
26587
26597
26598
26610
26622
26638
26644
26675
26677
26688
26696
26699
26711
26711
26711
26728
26757
26760
26763
26764
26769
26788
26791
26794
26802
26819
26831
26854
26857
26859
26862
26863
26869
26880
26887
26890
26897
26912
26915
26920
26979
26986
26995
26998
27002
27016
27040
27043
27043
27050
27051
27062
27066
27070
27076
27086
27092
27099
27109
27109
27124
27131
27134
27146
27167
27184
27208
27209
27217
27220
27221
27235
27239
27248
27251
27270
27271
27283
27289
27300
27306
27315
27317
27322
27329
27340
27343
27350
27358
27360
27389
27426
27438
27451
27462
27467
27481
27482
27490
27510
27514
27519
27530
27537
27564
27565
27568
27570
27575
27579
27618
27624
27631
27655
27687
27689
27695
27714
27718
27732
27737
27743
27759
27769
27772
27775
27782
27785
27785
27799
27800
27803
27805
27807
27807
27831
27835
27837
27837
27839
27841
27857
27857
27863
27865
27876
27901
27913
27917
27928
27956
27958
27960
27960
27966
27978
27980
27991
27996
28006
28018
28038
28060
28072
28080
28098
28105
28112
28121
28138
28139
28140
28167
28168
28170
28178
28183
28203
28236
28241
28248
28249
28270
28279
28284
28286
28291
28306
28311
28320
28326
28335
28337
28345
28367
28402
28411
28412
28425
28431
28458
28460
28467
28490
28497
28498
28516
28523
28535
28536
28540
28546
28554
28554
28563
28578
28584
28584
28590
28600
28601
28601
28604
28606
28610
28615
28644
28646
28647
28648
28659
28662
28675
28690
28693
28694
28704
28707
28729
28759
28765
28770
28796
28814
28829
28830
28839
28850
28854
28877
28883
28895
28900
28927
28928
28946
28955
28986
28998
28999
29018
29025
29032
29044
29060
29090
29107
29119
29123
29129
29132
29134
29134
29135
29173
29173
29217
29223
29227
29239
29259
29261
29272
29305
29315
29340
29343
29360
29365
29371
29398
29404
29406
29412
29415
29446
29454
29501
29506
29534
29537
29564
29567
29578
29594
29623
29630
29631
29636
29652
29672
29693
29730
29731
29746
29757
29760
29779
29794
29830
29833
29853
29859
29872
29885
29893
29903
29916
29917
29967
29973
30041
30048
30080
30090
30119
30127
30127
30146
30147
30148
30167
30175
30178
30196
30217
30244
30251
30257
30265
30270
30283
30285
30291
30329
30332
30335
30335
30349
30362
30364
30370
30377
30399
30401
30405
30405
30407
30422
30422
30425
30425
30428
30448
30452
30459
30477
30489
30500
30526
30541
30575
30580
30596
30617
30618
30637
30643
30659
30660
30666
30670
30676
30677
30682
30691
30694
30704
30712
30748
30753
30760
30763
30785
30792
30792
30801
30809
30813
30827
30828
30845
30850
30851
30871
30881
30887
30888
30891
30892
30893
30899
30906
30912
30922
30926
30942
30955
30959
30985
31023
31027
31030
31049
31051
31074
31076
31079
31088
31100
31107
31109
31121
31128
31134
31134
31159
31159
31160
31171
31207
31248
31258
31268
31269
31283
31300
31306
31318
31343
31388
31396
31407
31422
31427
31436
31437
31464
31483
31486
31489
31491
31508
31513
31521
31526
31528
31538
31578
31606
31623
31630
31641
31648
31674
31709
31709
31720
31723
31727
31742
31750
31750
31756
31764
31768
31778
31784
31785
31807
31816
31817
31817
31827
31828
31841
31848
31855
31863
31863
31866
31877
31877
31908
31912
31922
31948
31956
31963
31970
31971
31979
31990
31996
32022
32035
32037
32049
32055
32059
32066
32066
32077
32086
32093
32097
32099
32103
32107
32109
32116
32118
32121
32137
32175
32178
32189
32192
32201
32218
32220
32235
32243
32282
32284
32284
32299
32311
32320
32321
32321
32326
32333
32334
32334
32339
32340
32370
32396
32399
32400
32405
32409
32422
32456
32462
32473
32475
32480
32484
32494
32499
32504
32508
32511
32515
32517
32517
32526
32531
32536
32547
32560
32582
32587
32602
32611
32614
32624
32641
32656
32658
32662
32669
32671
32672
32677
32693
32723
32727
32750
32751
32754
32759
32763
32765
32765
32768
32801
32815
32815
32820
32834
32839
32858
32862
32869
32874
32880
32889
32901
32911
32930
32936
32947
32951
32967
32975
32977
32981
32983
32986
33020
33021
33024
33026
33028
33044
33045
33054
33103
33113
33120
33130
33139
33145
33145
33156
33164
33204
33207
33208
33211
33214
33241
33254
33259
33264
33283
33305
33307
33327
33332
33345
33350
33352
33381
33393
33415
33438
33455
33465
33487
33516
33518
33533
33535
33549
33553
33557
33575
33581
33581
33593
33601
33603
33638
33644
33646
33654
33655
33686
33702
33709
33710
33726
33735
33737
33742
33761
33763
33771
33778
33841
33846
33852
33861
33867
33892
33898
33909
33913
33916
33918
33930
33932
33935
33935
33949
33965
33966
33966
33988
33991
33993
33993
33995
34005
34009
34011
34018
34023
34024
34086
34101
34108
34110
34111
34123
34146
34157
34182
34190
34212
34230
34230
34246
34255
34262
34263
34267
34272
34287
34297
34317
34329
34336
34345
34346
34348
34350
34361
34371
34371
34388
34394
34418
34425
34447
34464
34482
34492
34492
34517
34520
34525
34534
34536
34539
34546
34549
34552
34555
34567
34567
34569
34576
34582
34596
34606
34632
34644
34648
34662
34674
34688
34689
34705
34708
34718
34718
34719
34737
34749
34751
34752
34757
34772
34788
34796
34802
34811
34827
34832
34836
34838
34839
34841
34846
34869
34873
34882
34903
34927
34928
34932
34939
34949
34952
34970
34999
35001
35025
35060
35086
35120
35125
35129
35130
35135
35141
35146
35168
35169
35192
35207
35225
35235
35294
35305
35307
35314
35314
35324
35330
35336
35337
35341
35351
35358
35360
35378
35381
35420
35424
35432
35447
35449
35483
35484
35485
35495
35500
35537
35553
35566
35568
35587
35594
35604
35608
35629
35631
35638
35655
35657
35662
35668
35673
35674
35678
35678
35680
35692
35695
35696
35698
35716
35720
35729
35729
35739
35746
35796
35799
35803
35825
35842
35850
35856
35890
35898
35900
35903
35904
35912
35913
35921
35934
35943
35950
35975
35986
35999
36012
36016
36030
36030
36038
36038
36085
36096
36113
36114
36129
36130
36136
36137
36141
36152
36188
36192
36196
36197
36197
36239
36247
36248
36268
36287
36298
36306
36338
36354
36358
36362
36366
36440
36456
36459
36461
36465
36467
36493
36498
36507
36510
36531
36543
36550
36552
36570
36600
36604
36604
36607
36635
36636
36693
36693
36694
36707
36727
36755
36756
36757
36766
36767
36771
36771
36793
36796
36799
36811
36815
36822
36836
36853
36869
36877
36893
36929
36933
36935
36955
36957
36971
36981
36987
36988
36993
37002
37008
37028
37038
37058
37069
37076
37080
37085
37089
37097
37120
37128
37147
37152
37157
37158
37165
37172
37174
37191
37206
37206
37208
37249
37256
37259
37264
37271
37279
37283
37297
37305
37310
37325
37346
37347
37354
37356
37381
37385
37400
37418
37425
37450
37466
37485
37511
37544
37545
37555
37560
37562
37582
37588
37593
37596
37597
37601
37608
37634
37637
37650
37653
37668
37674
37682
37686
37687
37694
37701
37702
37703
37739
37751
37752
37771
37787
37789
37809
37816
37823
37826
37828
37829
37837
37837
37837
37839
37847
37849
37861
37866
37872
37882
37892
37900
37917
37933
37934
37935
37988
37994
38006
38017
38023
38044
38046
38057
38062
38066
38072
38084
38093
38099
38102
38112
38124
38126
38130
38138
38151
38174
38196
38202
38207
38207
38208
38210
38211
38213
38220
38234
38238
38243
38276
38278
38285
38295
38302
38323
38332
38340
38345
38363
38402
38419
38420
38435
38442
38447
38459
38462
38476
38478
38479
38484
38503
38508
38518
38527
38527
38538
38558
38560
38565
38568
38582
38595
38624
38624
38639
38653
38661
38662
38664
38664
38669
38674
38677
38683
38683
38711
38748
38748
38753
38765
38768
38776
38781
38784
38784
38802
38808
38811
38811
38816
38823
38830
38841
38861
38866
38881
38884
38899
38905
38915
38947
38952
38959
38959
38977
38986
39013
39029
39050
39053
39058
39061
39069
39071
39074
39080
39087
39094
39104
39119
39127
39141
39141
39144
39146
39152
39201
39205
39232
39251
39252
39269
39283
39294
39295
39310
39313
39326
39333
39352
39362
39362
39379
39383
39384
39391
39395
39395
39397
39407
39424
39429
39441
39476
39485
39494
39495
39513
39525
39538
39596
39599
39607
39613
39618
39623
39657
39658
39663
39670
39685
39705
39710
39718
39750
39777
39785
39798
39824
39825
39825
39829
39841
39857
39860
39869
39875
39878
39884
39899
39907
39928
39938
39952
39952
39953
39953
39953
39956
39960
39962
39963
39974
39980
39980
39986
39989
39995
39995
40006
40010
40019
40021
40023
40029
40034
40046
40050
40054
40065
40068
40094
40123
40131
40132
40150
40154
40155
40171
40176
40185
40196
40198
40221
40225
40227
40228
40247
40251
40251
40252
40272
40278
40279
40281
40288
40301
40301
40308
40311
40311
40311
40330
40333
40352
40363
40363
40395
40406
40415
40420
40432
40441
40446
40451
40482
40491
40505
40512
40517
40535
40536
40550
40555
40561
40574
40581
40616
40619
40632
40632
40634
40639
40660
40684
40684
40686
40694
40701
40702
40703
40711
40714
40714
40742
40744
40750
40793
40812
40819
40820
40832
40839
40847
40848
40852
40883
40910
40945
40946
40970
41001
41003
41013
41034
41034
41036
41047
41068
41072
41076
41085
41118
41126
41135
41137
41143
41157
41161
41164
41166
41168
41168
41189
41196
41199
41203
41205
41213
41228
41231
41247
41267
41267
41281
41283
41289
41304
41310
41319
41324
41329
41334
41340
41343
41349
41352
41355
41361
41364
41393
41400
41401
41420
41434
41434
41446
41458
41482
41512
41512
41525
41528
41550
41553
41567
41572
41580
41607
41625
41630
41635
41651
41675
41681
41722
41724
41733
41738
41753
41769
41777
41789
41824
41829
41839
41856
41863
41866
41870
41872
41893
41897
41900
41902
41903
41911
41913
41914
41919
41923
41931
41956
41981
41985
42001
42002
42011
42025
42032
42039
42055
42064
42078
42078
42082
42083
42099
42114
42123
42144
42146
42175
42178
42191
42228
42230
42233
42276
42278
42300
42303
42317
42371
42380
42383
42388
42391
42392
42415
42421
42426
42440
42442
42443
42487
42513
42522
42525
42559
42568
42568
42595
42604
42609
42614
42629
42660
42667
42675
42695
42706
42715
42722
42732
42739
42759
42763
42766
42788
42815
42868
42871
42873
42885
42892
42904
42932
42934
42939
42945
42954
42960
42985
42993
42996
43014
43015
43019
43062
43087
43093
43102
43107
43110
43115
43131
43137
43139
43141
43166
43177
43189
43199
43202
43206
43208
43214
43215
43218
43265
43268
43272
43272
43272
43284
43288
43292
43306
43310
43311
43328
43329
43337
43347
43355
43359
43363
43370
43374
43381
43397
43399
43402
43407
43418
43418
43423
43425
43433
43452
43461
43480
43488
43491
43497
43516
43520
43525
43546
43553
43565
43570
43574
43575
43588
43612
43620
43620
43628
43635
43637
43656
43659
43677
43677
43683
43703
43721
43736
43742
43742
43742
43750
43779
43781
43787
43812
43813
43822
43841
43846
43861
43865
43875
43886
43887
43921
43927
43944
43972
43974
44003
44005
44021
44021
44030
44032
44037
44040
44043
44044
44094
44101
44102
44127
44164
44173
44176
44177
44181
44201
44204
44208
44225
44225
44231
44273
44302
44357
44359
44363
44390
44410
44416
44417
44445
44447
44450
44470
44470
44485
44503
44507
44527
44552
44564
44597
44604
44606
44613
44619
44620
44621
44621
44632
44642
44646
44647
44650
44655
44659
44659
44664
44667
44673
44674
44674
44683
44707
44718
44723
44746
44793
44822
44838
44867
44871
44905
44909
44918
44926
44935
44935
44939
44965
44973
44992
45007
45011
45013
45022
45057
45066
45087
45103
45106
45116
45118
45121
45125
45126
45130
45163
45166
45182
45195
45197
45205
45209
45221
45235
45241
45248
45252
45256
45260
45262
45268
45280
45285
45306
45311
45346
45376
45383
45386
45387
45395
45402
45402
45417
45424
45433
45461
45464
45499
45525
45546
45567
45624
45628
45632
45635
45635
45638
45643
45650
45666
45674
45705
45728
45732
45737
45777
45784
45820
45831
45847
45848
45865
45880
45891
45994
45995
46024
46033
46040
46040
46048
46055
46061
46080
46081
46084
46097
46098
46104
46112
46114
46117
46120
46130
46135
46144
46150
46150
46150
46153
46160
46178
46178
46181
46200
46201
46206
46210
46210
46211
46213
46213
46238
46259
46265
46276
46284
46304
46312
46327
46327
46333
46348
46350
46357
46375
46392
46394
46404
46411
46426
46436
46455
46477
46485
46494
46495
46506
46510
46526
46555
46555
46560
46564
46565
46569
46570
46585
46594
46613
46613
46623
46636
46672
46684
46688
46692
46693
46693
46695
46695
46719
46738
46748
46761
46766
46788
46791
46797
46818
46823
46832
46848
46854
46864
46870
46873
46878
46895
46895
46911
46913
46914
46919
46933
46938
46939
46944
46948
46948
46952
46953
46984
46986
46988
46995
47018
47024
47073
47077
47086
47091
47098
47125
47129
47131
47139
47148
47149
47158
47166
47167
47168
47173
47176
47179
47179
47185
47190
47193
47200
47206
47217
47247
47263
47269
47273
47286
47289
47305
47323
47329
47354
47354
47358
47380
47409
47410
47411
47426
47431
47447
47456
47459
47502
47524
47534
47536
47537
47565
47566
47574
47581
47600
47607
47613
47615
47642
47647
47651
47655
47676
47719
47724
47728
47731
47746
47753
47819
47845
47861
47868
47877
47896
47917
47919
47920
47922
47934
47965
47983
47993
48024
48040
48046
48047
48050
48093
48098
48099
48110
48141
48147
48160
48164
48187
48194
48196
48203
48221
48228
48263
48264
48267
48270
48275
48279
48285
48293
48309
48312
48313
48313
48330
48331
48338
48342
48343
48355
48359
48362
48374
48377
48384
48396
48397
48403
48403
48411
48417
48417
48429
48431
48436
48441
48445
48452
48457
48457
48464
48468
48487
48494
48504
48518
48542
48544
48555
48564
48583
48611
48621
48637
48638
48639
48640
48640
48660
48663
48680
48688
48689
48707
48714
48724
48727
48729
48737
48755
48760
48765
48774
48784
48800
48811
48828
48839
48842
48847
48852
48874
48880
48882
48888
48893
48915
48937
48937
48938
48939
48944
48950
48984
48987
49003
49003
49004
49010
49012
49021
49029
49041
49049
49057
49068
49133
49133
49141
49145
49149
49152
49156
49185
49188
49205
49223
49246
49269
49304
49336
49337
49353
49358
49361
49363
49406
49419
49419
49422
49427
49428
49472
49474
49474
49497
49513
49526
49537
49545
49561
49563
49586
49606
49614
49641
49644
49648
49648
49667
49669
49676
49687
49691
49702
49708
49718
49750
49757
49761
49775
49781
49796
49796
49798
49802
49806
49830
49838
49850
49850
49851
49853
49875
49877
49883
49888
49932
49945
49949
49954
49963
49996
50007
50009
50015
50063
50065
50084
50118
50118
50119
50123
50137
50137
50138
50140
50148
50152
50157
50174
50175
50184
50227
50230
50233
50240
50246
50251
50254
50257
50268
50275
50280
50283
50298
50299
50314
50343
50350
50380
50432
50442
50442
50460
50463
50464
50466
50476
50479
50483
50488
50495
50499
50521
50522
50524
50539
50547
50565
50569
50582
50586
50588
50619
50621
50632
50641
50644
50655
50665
50671
50680
50702
50716
50733
50737
50749
50771
50775
50776
50778
50782
50799
50806
50814
50840
50842
50850
50868
50870
50876
50879
50884
50896
50898
50924
50944
50952
50956
50959
50961
50963
50965
50972
50990
51012
51014
51017
51025
51029
51035
51041
51042
51051
51059
51090
51095
51100
51100
51111
51120
51121
51127
51131
51133
51136
51166
51177
51185
51208
51213
51229
51236
51250
51258
51264
51276
51281
51303
51304
51331
51342
51343
51365
51376
51377
51382
51392
51412
51414
51428
51441
51445
51445
51463
51463
51473
51474
51477
51480
51501
51504
51518
51549
51550
51558
51560
51563
51571
51573
51593
51598
51613
51619
51629
51643
51657
51670
51685
51698
51704
51727
51740
51763
51776
51782
51806
51814
51826
51856
51858
51880
51889
51907
51911
51913
51918
51919
51940
51940
51952
51953
51981
51988
52005
52013
52019
52023
52026
52054
52055
52056
52061
52063
52076
52081
52083
52092
52093
52106
52109
52110
52129
52144
52145
52150
52166
52168
52172
52172
52173
52185
52201
52216
52224
52237
52241
52251
52260
52267
52304
52318
52320
52327
52337
52351
52378
52403
52410
52436
52458
52462
52477
52498
52502
52504
52519
52525
52528
52528
52530
52555
52556
52562
52580
52589
52600
52602
52605
52621
52623
52627
52631
52634
52664
52673
52680
52684
52695
52710
52723
52728
52732
52733
52735
52742
52757
52760
52761
52763
52773
52779
52780
52808
52809
52841
52851
52852
52865
52874
52875
52879
52894
52898
52902
52920
52922
52923
52930
52932
52941
52944
52956
52962
52998
53006
53027
53059
53065
53083
53093
53110
53138
53141
53182
53211
53219
53228
53237
53237
53239
53245
53256
53265
53300
53302
53306
53313
53313
53331
53340
53363
53366
53369
53373
53399
53402
53410
53423
53450
53452
53481
53486
53499
53501
53503
53506
53509
53525
53526
53554
53569
53604
53606
53607
53617
53618
53644
53656
53680
53716
53731
53735
53741
53747
53751
53757
53763
53771
53787
53791
53796
53816
53837
53838
53838
53839
53848
53893
53906
53920
53926
53933
53942
53970
53974
53976
53983
53988
53993
53999
54005
54012
54013
54020
54051
54063
54069
54074
54077
54083
54089
54095
54108
54132
54136
54142
54169
54171
54175
54201
54203
54211
54226
54237
54239
54242
54260
54263
54277
54282
54288
54315
54351
54355
54381
54395
54403
54410
54412
54434
54436
54437
54453
54460
54486
54497
54503
54537
54596
54630
54635
54639
54674
54676
54679
54680
54687
54688
54691
54701
54712
54722
54726
54729
54730
54736
54743
54772
54774
54776
54778
54787
54789
54791
54796
54803
54808
54835
54849
54850
54856
54858
54864
54865
54866
54887
54889
54897
54899
54924
54941
54942
54952
54958
54962
54974
54976
54978
54994
54995
54995
55014
55022
55024
55024
55027
55045
55051
55052
55096
55103
55108
55124
55128
55139
55145
55147
55169
55177
55189
55194
55199
55220
55238
55240
55254
55256
55262
55269
55271
55274
55276
55278
55278
55296
55309
55310
55311
55324
55333
55338
55340
55349
55353
55354
55372
55373
55373
55377
55441
55453
55480
55499
55501
55507
55534
55553
55603
55608
55608
55609
55633
55637
55675
55676
55677
55691
55737
55748
55750
55754
55754
55763
55775
55775
55792
55793
55807
55808
55822
55840
55843
55858
55865
55869
55873
55883
55887
55887
55891
55897
55898
55899
55905
55910
55912
55971
55994
56012
56067
56074
56083
56088
56088
56090
56099
56113
56122
56124
56141
56171
56183
56189
56214
56234
56238
56247
56254
56263
56293
56310
56318
56318
56320
56337
56353
56364
56376
56390
56423
56438
56451
56462
56464
56466
56468
56478
56490
56509
56516
56521
56523
56525
56530
56540
56546
56550
56555
56581
56611
56612
56620
56638
56644
56647
56649
56656
56670
56680
56691
56692
56711
56726
56749
56756
56758
56776
56783
56793
56796
56809
56817
56826
56868
56883
56889
56908
56919
56937
56938
56946
56948
56955
56957
56961
56963
56973
56980
56981
56983
56984
57004
57026
57036
57066
57071
57074
57087
57106
57106
57111
57128
57131
57132
57191
57223
57245
57252
57253
57258
57260
57260
57276
57285
57285
57291
57297
57302
57325
57327
57334
57353
57356
57358
57382
57399
57408
57409
57434
57439
57460
57481
57488
57495
57505
57510
57517
57523
57525
57537
57538
57540
57544
57545
57567
57577
57578
57585
57590
57607
57607
57614
57616
57616
57620
57650
57669
57670
57685
57686
57692
57694
57703
57711
57712
57733
57740
57746
57753
57761
57769
57798
57802
57803
57853
57857
57861
57866
57872
57879
57880
57880
57883
57893
57894
57925
57925
57932
57932
57938
57945
57959
57977
57977
57986
58003
58007
58012
58016
58020
58021
58038
58040
58044
58044
58068
58093
58094
58111
58116
58123
58125
58143
58164
58171
58193
58211
58222
58265
58292
58315
58318
58319
58328
58353
58365
58368
58371
58385
58403
58406
58423
58439
58457
58461
58482
58483
58504
58508
58515
58521
58525
58526
58537
58556
58577
58580
58580
58580
58587
58606
58606
58620
58644
58670
58674
58679
58702
58713
58766
58769
58778
58793
58794
58796
58839
58841
58844
58885
58888
58889
58901
58905
58915
58952
58954
58976
58976
58996
59002
59027
59029
59034
59060
59078
59084
59090
59117
59123
59142
59152
59156
59160
59160
59184
59187
59205
59205
59212
59215
59226
59231
59245
59246
59251
59262
59269
59271
59277
59292
59294
59298
59322
59330
59335
59348
59373
59376
59378
59381
59397
59411
59412
59416
59418
59427
59433
59444
59444
59452
59462
59466
59469
59473
59479
59483
59484
59491
59494
59515
59518
59519
59545
59575
59582
59587
59587
59590
59629
59633
59639
59665
59667
59680
59681
59711
59770
59774
59782
59846
59858
59863
59866
59867
59875
59892
59923
59960
59974
59976
59989
60001
60012
60014
60019
60032
60032
60046
60052
60053
60055
60059
60064
60065
60070
60109
60114
60126
60129
60145
60150
60150
60155
60166
60196
60227
60227
60234
60236
60271
60280
60301
60303
60305
60317
60341
60358
60371
60372
60373
60379
60380
60383
60396
60417
60418
60422
60431
60435
60442
60462
60463
60464
60489
60509
60531
60541
60554
60559
60567
60571
60585
60595
60606
60619
60624
60660
60662
60668
60691
60706
60728
60734
60741
60744
60787
60803
60817
60824
60830
60836
60851
60853
60855
60867
60875
60877
60881
60894
60900
60901
60909
60916
60918
60932
60938
60942
60951
60975
60976
60976
60980
60982
60990
60993
61001
61010
61021
61024
61029
61048
61055
61058
61063
61079
61084
61085
61105
61117
61117
61117
61124
61146
61167
61186
61208
61210
61220
61241
61243
61250
61254
61262
61277
61295
61324
61335
61341
61357
61382
61397
61411
61416
61423
61429
61431
61449
61451
61470
61519
61541
61543
61544
61548
61562
61576
61594
61604
61606
61607
61637
61638
61638
61645
61651
61662
61684
61704
61708
61715
61715
61716
61725
61745
61749
61750
61755
61758
61761
61783
61787
61787
61799
61800
61804
61807
61824
61846
61848
61848
61848
61864
61867
61879
61880
61883
61918
61929
61934
61943
61952
61969
61986
62004
62007
62013
62020
62030
62041
62047
62052
62054
62085
62103
62145
62179
62183
62183
62186
62188
62196
62209
62211
62223
62241
62244
62261
62272
62272
62281
62291
62301
62332
62340
62343
62358
62369
62399
62403
62433
62436
62452
62498
62498
62500
62500
62504
62506
62506
62520
62546
62571
62578
62580
62583
62590
62614
62615
62617
62641
62648
62648
62653
62665
62671
62724
62727
62729
62744
62748
62760
62773
62780
62788
62804
62806
62818
62844
62853
62854
62863
62869
62881
62890
62901
62931
62956
62965
62970
63012
63015
63023
63030
63031
63034
63036
63039
63040
63042
63049
63067
63071
63084
63118
63124
63136
63152
63170
63177
63183
63185
63188
63190
63196
63199
63233
63237
63263
63268
63271
63277
63283
63285
63290
63298
63305
63356
63359
63362
63369
63379
63404
63408
63409
63412
63416
63431
63444
63444
63447
63524
63543
63547
63554
63566
63571
63592
63593
63597
63602
63612
63614
63630
63634
63645
63660
63677
63705
63714
63730
63749
63752
63763
63764
63764
63765
63786
63796
63812
63816
63829
63845
63846
63855
63856
63866
63868
63882
63894
63899
63912
63921
63929
63943
63951
63952
63953
63953
63978
63995
63997
64001
64044
64086
64096
64106
64111
64117
64118
64122
64142
64158
64165
64182
64192
64207
64241
64242
64251
64252
64254
64256
64289
64301
64303
64323
64325
64341
64364
64388
64432
64479
64499
64507
64510
64533
64571
64574
64590
64597
64598
64604
64607
64608
64609
64620
64622
64622
64640
64646
64666
64689
64689
64691
64747
64748
64775
64791
64792
64808
64812
64816
64822
64825
64831
64832
64842
64849
64851
64859
64870
64880
64882
64887
64913
64924
64943
64948
64951
64962
64973
65004
65011
65013
65031
65041
65050
65061
65071
65073
65092
65100
65111
65125
65134
65150
65167
65195
65198
65198
65200
65227
65237
65240
65245
65255
65261
65276
65291
65312
65316
65331
65336
65337
65346
65353
65377
65381
65389
65416
65422
65437
65453
65459
65466
65470
65471
65479
65479
65484
65490
65525
65529
65549
65562
65592
65603
65604
65610
65625
65627
65648
65657
65663
65664
65666
65670
65693
65701
65721
65722
65723
65730
65748
65753
65758
65770
65783
65789
65807
65812
65827
65831
65848
65881
65901
65917
65925
65930
65948
65970
65970
65970
65970
65984
65987
65989
65995
66015
66020
66028
66036
66040
66041
66073
66093
66108
66110
66113
66122
66123
66134
66140
66142
66150
66156
66163
66170
66172
66172
66174
66180
66190
66224
66232
66235
66243
66252
66279
66300
66311
66320
66362
66365
66367
66371
66379
66385
66388
66401
66414
66416
66432
66432
66434
66446
66446
66458
66467
66473
66477
66485
66489
66496
66506
66509
66512
66515
66521
66523
66529
66535
66545
66545
66559
66568
66589
66596
66620
66623
66633
66642
66645
66660
66660
66666
66676
66703
66708
66723
66747
66755
66760
66766
66787
66798
66803
66805
66809
66827
66842
66862
66866
66900
66920
66925
66926
66929
66951
66983
67010
67026
67027
67039
67059
67067
67074
67088
67100
67114
67119
67131
67133
67153
67155
67158
67160
67163
67179
67182
67191
67210
67212
67213
67216
67221
67229
67234
67257
67262
67271
67279
67282
67293
67300
67308
67310
67315
67315
67321
67332
67363
67364
67377
67384
67396
67413
67414
67442
67448
67451
67456
67478
67485
67496
67506
67509
67518
67518
67522
67546
67547
67568
67576
67576
67585
67610
67615
67615
67618
67619
67621
67626
67633
67634
67670
67671
67672
67679
67693
67710
67713
67721
67764
67773
67791
67792
67821
67861
67863
67882
67896
67897
67917
67931
67933
67933
67936
67941
67951
67952
67965
67968
67971
67987
68007
68009
68032
68038
68071
68073
68080
68087
68093
68095
68100
68107
68111
68117
68121
68134
68139
68155
68189
68192
68196
68199
68211
68213
68220
68225
68227
68229
68246
68253
68276
68298
68316
68328
68344
68346
68351
68354
68355
68358
68365
68369
68370
68375
68412
68436
68454
68464
68469
68471
68488
68494
68502
68504
68531
68535
68536
68542
68556
68560
68578
68583
68587
68593
68610
68617
68623
68628
68636
68643
68668
68670
68675
68677
68693
68699
68721
68730
68733
68752
68758
68764
68764
68788
68796
68836
68841
68845
68848
68851
68875
68893
68894
68905
68918
68932
68946
68965
68967
68968
69011
69018
69029
69037
69044
69069
69074
69080
69116
69117
69118
69123
69127
69129
69168
69171
69175
69186
69187
69193
69206
69208
69208
69210
69218
69250
69295
69310
69313
69337
69340
69352
69355
69372
69377
69387
69403
69414
69421
69424
69440
69442
69479
69483
69497
69520
69523
69526
69535
69554
69557
69567
69578
69580
69595
69599
69601
69609
69615
69618
69629
69629
69632
69635
69638
69645
69651
69651
69653
69661
69690
69700
69726
69745
69749
69776
69776
69848
69902
69913
69914
69923
69929
69940
69946
69946
69959
69960
69982
69997
70002
70007
70009
70011
70013
70015
70024
70033
70047
70060
70065
70081
70083
70084
70127
70134
70137
70149
70163
70165
70170
70192
70196
70208
70213
70218
70234
70241
70245
70245
70271
70275
70305
70329
70330
70347
70370
70373
70378
70391
70391
70395
70404
70424
70428
70443
70445
70456
70474
70497
70504
70506
70507
70510
70527
70548
70561
70577
70605
70605
70610
70616
70617
70627
70629
70640
70645
70659
70660
70663
70668
70688
70695
70698
70719
70734
70734
70757
70772
70797
70797
70799
70799
70825
70827
70842
70843
70849
70861
70861
70862
70865
70875
70903
70927
70933
70959
70961
70994
71015
71028
71032
71034
71037
71060
71063
71073
71075
71092
71095
71121
71155
71159
71219
71220
71221
71222
71229
71231
71268
71273
71276
71314
71339
71351
71351
71353
71368
71370
71381
71387
71399
71401
71409
71418
71420
71422
71428
71428
71432
71448
71448
71448
71467
71473
71473
71491
71496
71502
71503
71513
71515
71522
71525
71527
71542
71544
71545
71549
71555
71558
71558
71562
71564
71589
71597
71614
71638
71639
71643
71654
71663
71664
71674
71676
71681
71687
71698
71708
71709
71712
71715
71742
71743
71776
71779
71793
71794
71798
71810
71823
71828
71836
71859
71870
71876
71880
71881
71886
71887
71907
71908
71908
71930
71933
71935
71938
71972
71974
71982
71982
71983
71994
72006
72009
72061
72064
72067
72069
72071
72079
72090
72094
72095
72097
72099
72103
72123
72132
72148
72148
72166
72166
72169
72170
72174
72177
72177
72190
72199
72201
72202
72240
72244
72247
72251
72256
72278
72282
72286
72290
72293
72297
72307
72324
72331
72337
72351
72372
72396
72424
72424
72424
72448
72451
72478
72488
72527
72531
72545
72547
72565
72568
72569
72573
72578
72592
72594
72595
72600
72636
72636
72642
72654
72661
72667
72691
72693
72709
72717
72717
72724
72727
72743
72747
72752
72791
72799
72803
72807
72818
72834
72838
72842
72858
72869
72881
72900
72906
72908
72921
72938
72940
72953
72957
72963
72966
73017
73019
73038
73041
73053
73091
73098
73105
73111
73134
73152
73155
73177
73177
73182
73189
73190
73194
73195
73205
73226
73227
73255
73259
73271
73285
73306
73321
73323
73324
73349
73351
73367
73377
73387
73392
73393
73413
73418
73425
73426
73429
73439
73443
73447
73463
73470
73480
73490
73507
73508
73512
73513
73515
73522
73523
73533
73540
73544
73551
73561
73565
73565
73604
73606
73606
73611
73612
73615
73616
73632
73652
73653
73658
73663
73671
73673
73683
73697
73697
73708
73710
73712
73719
73722
73726
73732
73736
73750
73752
73764
73765
73773
73785
73809
73814
73827
73843
73845
73849
73867
73880
73888
73909
73919
73931
73931
73957
73958
73961
73962
73972
73984
73998
74002
74034
74037
74095
74133
74164
74166
74172
74188
74193
74200
74213
74215
74224
74235
74244
74248
74272
74283
74283
74299
74303
74309
74353
74361
74362
74381
74384
74390
74390
74409
74414
74431
74432
74443
74447
74465
74483
74493
74505
74527
74556
74561
74561
74570
74589
74597
74609
74623
74626
74641
74663
74665
74673
74676
74693
74717
74720
74733
74740
74741
74790
74790
74795
74821
74825
74838
74858
74872
74876
74910
74913
74930
74943
74959
74962
74962
74983
74989
74993
74998
74999
75002
75026
75051
75054
75063
75068
75074
75088
75104
75104
75115
75117
75120
75124
75127
75138
75146
75163
75164
75165
75196
75200
75215
75220
75227
75235
75245
75256
75257
75282
75296
75314
75314
75314
75325
75337
75338
75370
75382
75387
75389
75393
75400
75405
75409
75422
75440
75452
75496
75508
75517
75523
75529
75530
75538
75568
75586
75601
75609
75609
75613
75626
75637
75663
75679
75686
75687
75689
75691
75692
75692
75696
75696
75696
75708
75730
75769
75773
75775
75779
75786
75796
75821
75825
75827
75836
75845
75849
75874
75892
75901
75905
75912
75921
75955
75959
75970
75975
75983
75984
75984
76008
76015
76024
76036
76056
76073
76089
76090
76113
76113
76120
76122
76128
76131
76139
76141
76142
76146
76156
76161
76177
76182
76202
76207
76211
76214
76218
76219
76220
76243
76293
76302
76315
76320
76328
76338
76340
76358
76381
76387
76420
76420
76441
76444
76453
76478
76505
76506
76514
76516
76518
76544
76549
76575
76585
76607
76608
76610
76632
76636
76664
76667
76678
76685
76698
76704
76707
76729
76759
76804
76811
76826
76826
76841
76844
76866
76874
76885
76898
76900
76908
76911
76915
76919
76924
76930
76934
76936
76941
76946
76946
76952
76966
76981
76984
76993
76997
77004
77006
77011
77015
77021
77028
77038
77044
77048
77067
77074
77091
77095
77124
77128
77129
77155
77158
77164
77171
77179
77181
77229
77241
77267
77269
77271
77292
77292
77298
77327
77327
77328
77329
77336
77348
77353
77372
77383
77392
77397
77398
77399
77457
77475
77484
77495
77517
77535
77556
77561
77576
77576
77584
77588
77603
77610
77613
77615
77643
77679
77682
77688
77689
77707
77718
77729
77740
77743
77749
77751
77758
77763
77771
77774
77778
77780
77794
77798
77832
77834
77837
77848
77850
77862
77881
77889
77898
77901
77903
77966
77989
78022
78022
78024
78040
78051
78071
78088
78094
78099
78104
78110
78116
78127
78127
78132
78140
78145
78164
78177
78181
78195
78262
78277
78278
78281
78290
78302
78319
78319
78329
78335
78337
78390
78398
78439
78443
78443
78449
78454
78466
78493
78502
78513
78520
78541
78548
78553
78558
78562
78569
78571
78575
78585
78591
78599
78602
78606
78610
78613
78613
78630
78646
78649
78670
78678
78685
78703
78706
78723
78729
78738
78749
78751
78754
78758
78762
78763
78770
78771
78775
78817
78820
78828
78829
78844
78844
78860
78862
78870
78878
78880
78881
78882
78894
78913
78927
78940
78944
78950
78967
78974
78976
78995
79001
79014
79015
79045
79048
79056
79076
79079
79080
79087
79103
79104
79115
79125
79126
79135
79164
79179
79190
79199
79212
79215
79218
79222
79232
79239
79245
79252
79252
79261
79264
79269
79283
79308
79311
79311
79314
79328
79328
79331
79352
79373
79393
79393
79397
79421
79426
79430
79437
79446
79455
79476
79480
79483
79507
79519
79520
79523
79525
79541
79543
79548
79561
79572
79580
79592
79594
79594
79595
79595
79602
79607
79639
79645
79650
79656
79661
79687
79689
79691
79703
79705
79707
79718
79731
79745
79752
79754
79760
79766
79772
79776
79777
79783
79791
79812
79823
79835
79846
79868
79875
79878
79903
79907
79910
79920
79933
79934
79957
79958
79975
79980
79985
79988
79996
80001
80016
80032
80036
80043
80072
80077
80085
80094
80108
80110
80123
80136
80145
80147
80147
80155
80156
80180
80188
80198
80202
80213
80216
80216
80220
80235
80237
80238
80250
80257
80260
80270
80279
80281
80310
80315
80321
80333
80343
80344
80354
80356
80359
80363
80376
80377
80400
80437
80440
80447
80449
80454
80463
80467
80493
80499
80503
80518
80539
80548
80564
80564
80567
80567
80577
80624
80627
80634
80635
80637
80647
80654
80657
80676
80681
80681
80695
80696
80699
80701
80710
80731
80732
80744
80757
80788
80801
80814
80858
80859
80860
80864
80864
80864
80875
80877
80883
80907
80929
80940
80943
80950
80950
80954
80957
80967
80986
80991
80991
80995
81001
81001
81006
81008
81025
81035
81055
81059
81063
81074
81080
81082
81107
81131
81134
81147
81161
81164
81169
81201
81209
81230
81257
81279
81287
81292
81318
81322
81332
81345
81348
81348
81350
81353
81370
81378
81383
81383
81386
81421
81422
81438
81441
81444
81456
81456
81458
81467
81468
81479
81484
81497
81498
81500
81506
81510
81511
81518
81520
81522
81523
81528
81566
81569
81571
81573
81595
81605
81611
81611
81616
81620
81644
81663
81663
81677
81693
81698
81704
81710
81727
81728
81738
81741
81753
81768
81769
81788
81804
81805
81819
81826
81827
81828
81862
81864
81882
81886
81892
81929
81930
81933
81936
81993
81998
82017
82032
82033
82047
82052
82056
82064
82064
82068
82077
82078
82091
82152
82191
82204
82208
82213
82214
82219
82259
82264
82266
82296
82298
82301
82301
82306
82317
82336
82339
82359
82364
82371
82381
82415
82457
82475
82478
82510
82515
82518
82522
82526
82528
82534
82550
82566
82571
82590
82612
82614
82640
82641
82643
82667
82667
82671
82674
82676
82684
82685
82722
82748
82772
82814
82821
82839
82844
82852
82852
82857
82867
82869
82877
82878
82883
82892
82898
82899
82917
82923
82939
82967
82971
82976
82980
82995
83008
83021
83027
83042
83045
83046
83047
83050
83054
83069
83071
83075
83088
83094
83102
83130
83142
83147
83149
83154
83160
83168
83191
83197
83202
83214
83223
83226
83227
83245
83252
83252
83259
83268
83294
83297
83320
83328
83334
83338
83342
83348
83356
83361
83367
83376
83392
83405
83412
83412
83413
83423
83439
83443
83473
83488
83490
83494
83497
83520
83535
83559
83590
83605
83616
83619
83619
83632
83635
83652
83658
83658
83665
83693
83703
83705
83707
83722
83753
83756
83757
83766
83776
83806
83836
83842
83860
83865
83893
83910
83928
83943
83949
83950
83959
83965
83971
83985
84001
84006
84025
84027
84088
84096
84104
84105
84105
84114
84117
84117
84128
84136
84139
84155
84159
84173
84179
84201
84209
84209
84219
84225
84227
84229
84265
84270
84276
84280
84292
84297
84306
84307
84317
84337
84355
84360
84361
84364
84369
84371
84391
84394
84398
84409
84412
84417
84421
84424
84435
84437
84445
84446
84469
84473
84476
84492
84501
84503
84504
84516
84530
84551
84556
84572
84594
84613
84637
84639
84653
84671
84672
84699
84708
84716
84725
84731
84741
84755
84770
84791
84805
84819
84827
84830
84832
84833
84833
84836
84837
84845
84849
84857
84875
84898
84899
84911
84916
84928
84930
84968
84978
84987
85003
85006
85009
85011
85029
85033
85042
85050
85062
85063
85070
85077
85085
85095
85113
85119
85134
85152
85153
85153
85154
85160
85164
85183
85185
85201
85207
85212
85212
85215
85226
85227
85228
85232
85260
85267
85272
85277
85278
85284
85338
85338
85354
85362
85374
85399
85404
85412
85427
85485
85485
85528
85544
85547
85600
85606
85621
85628
85633
85639
85647
85649
85661
85663
85665
85674
85686
85699
85703
85707
85748
85752
85753
85755
85763
85764
85775
85793
85801
85803
85810
85812
85823
85846
85849
85851
85862
85880
85935
85943
85944
85959
85971
85975
85977
85995
85996
85996
86019
86027
86030
86039
86079
86090
86100
86115
86127
86139
86141
86142
86151
86153
86160
86161
86178
86183
86186
86187
86187
86191
86223
86223
86229
86232
86234
86241
86241
86247
86249
86250
86255
86257
86264
86271
86276
86281
86304
86324
86359
86377
86379
86379
86380
86384
86390
86397
86403
86411
86411
86413
86415
86444
86470
86475
86489
86500
86502
86552
86556
86557
86560
86563
86583
86590
86593
86600
86602
86608
86621
86641
86661
86662
86676
86676
86678
86681
86683
86685
86705
86708
86709
86718
86719
86737
86753
86756
86761
86766
86779
86780
86783
86798
86811
86824
86831
86844
86883
86887
86888
86898
86898
86908
86909
86911
86929
86968
86973
86974
87014
87016
87018
87029
87038
87043
87055
87068
87115
87118
87126
87127
87137
87141
87153
87154
87157
87169
87170
87187
87197
87206
87219
87240
87247
87255
87263
87270
87277
87291
87296
87307
87322
87329
87349
87352
87364
87367
87369
87401
87408
87417
87417
87422
87439
87441
87444
87473
87517
87518
87525
87539
87563
87573
87578
87589
87592
87592
87598
87601
87601
87640
87641
87657
87659
87691
87703
87712
87715
87715
87722
87723
87730
87733
87755
87758
87853
87856
87858
87875
87886
87898
87903
87904
87904
87907
87925
87926
87930
87934
87938
87943
87952
87955
87982
87988
87998
88034
88040
88049
88059
88063
88093
88106
88106
88123
88136
88150
88157
88168
88169
88173
88194
88204
88217
88238
88243
88244
88266
88283
88286
88295
88319
88331
88332
88349
88350
88391
88398
88438
88453
88460
88480
88498
88500
88512
88516
88521
88530
88535
88536
88549
88554
88561
88561
88564
88566
88581
88585
88593
88604
88606
88613
88644
88644
88646
88654
88672
88689
88696
88705
88732
88739
88754
88760
88760
88782
88783
88811
88825
88830
88838
88861
88871
88899
88911
88930
88930
88935
88969
88973
88974
88989
89003
89007
89014
89014
89015
89035
89037
89067
89075
89085
89089
89094
89101
89103
89107
89109
89114
89117
89120
89123
89131
89137
89140
89148
89154
89163
89169
89186
89191
89193
89193
89200
89213
89221
89237
89246
89258
89260
89293
89300
89300
89304
89308
89322
89327
89328
89335
89388
89393
89402
89413
89424
89439
89459
89461
89469
89472
89475
89484
89487
89494
89509
89512
89525
89526
89530
89535
89536
89561
89561
89593
89593
89594
89595
89596
89601
89613
89615
89615
89631
89650
89652
89654
89662
89664
89666
89670
89670
89684
89688
89701
89730
89732
89763
89773
89779
89780
89801
89810
89841
89845
89847
89848
89883
89891
89928
89928
89935
89937
89945
89948
89963
89965
89978
89985
90005
90005
90022
90027
90040
90055
90063
90085
90110
90115
90147
90150
90161
90161
90177
90177
90197
90198
90218
90241
90274
90274
90321
90328
90332
90369
90386
90396
90405
90408
90428
90433
90439
90450
90459
90475
90476
90487
90490
90504
90508
90532
90534
90537
90553
90566
90571
90575
90576
90577
90581
90590
90597
90600
90603
90605
90608
90625
90634
90649
90657
90665
90667
90688
90692
90725
90744
90757
90758
90772
90773
90790
90798
90821
90825
90844
90845
90849
90850
90854
90871
90899
90904
90917
90919
90933
90943
90943
90943
90979
90991
90995
90996
91002
91021
91036
91053
91064
91072
91080
91084
91091
91095
91138
91155
91164
91169
91217
91219
91220
91220
91226
91227
91232
91250
91258
91270
91272
91278
91298
91298
91320
91320
91322
91332
91343
91365
91368
91383
91425
91435
91435
91446
91447
91449
91453
91467
91474
91507
91508
91536
91538
91550
91556
91573
91578
91582
91590
91591
91597
91600
91601
91606
91617
91623
91637
91669
91671
91672
91672
91693
91704
91723
91740
91741
91742
91749
91755
91760
91767
91770
91784
91795
91817
91822
91824
91847
91851
91859
91863
91864
91886
91890
91905
91909
91911
91919
91921
91925
91925
91930
91935
91953
91963
91973
91990
92018
92036
92059
92060
92064
92082
92083
92104
92110
92117
92135
92147
92168
92172
92195
92199
92200
92207
92220
92224
92232
92235
92242
92279
92280
92287
92293
92299
92301
92303
92316
92332
92333
92345
92354
92366
92385
92388
92390
92404
92414
92414
92416
92455
92456
92466
92474
92478
92479
92481
92503
92528
92542
92578
92588
92593
92603
92604
92609
92617
92627
92627
92634
92645
92657
92659
92675
92688
92738
92739
92767
92787
92796
92799
92805
92831
92833
92844
92847
92854
92860
92862
92868
92868
92872
92890
92895
92932
92933
92936
92937
92938
92956
92957
92962
92966
92971
92984
93040
93047
93049
93061
93061
93089
93093
93100
93100
93102
93102
93106
93109
93126
93128
93129
93137
93146
93146
93148
93158
93197
93199
93213
93214
93219
93226
93237
93244
93254
93256
93273
93286
93294
93296
93301
93308
93344
93372
93374
93376
93382
93386
93391
93398
93402
93420
93423
93426
93461
93466
93474
93493
93497
93507
93514
93515
93516
93517
93522
93527
93532
93539
93548
93555
93557
93558
93570
93584
93586
93592
93596
93618
93634
93640
93643
93689
93691
93715
93719
93721
93730
93734
93735
93740
93777
93778
93785
93801
93810
93811
93816
93818
93838
93844
93846
93846
93870
93876
93882
93889
93914
93920
93927
93943
93949
93949
93964
93985
93987
93992
93996
94003
94039
94049
94057
94065
94127
94133
94141
94162
94175
94177
94194
94219
94273
94277
94279
94289
94290
94298
94322
94342
94362
94362
94363
94378
94389
94399
94404
94413
94436
94438
94446
94449
94451
94452
94458
94470
94486
94490
94490
94508
94515
94517
94521
94523
94529
94542
94548
94553
94574
94582
94587
94589
94589
94596
94597
94598
94599
94628
94628
94644
94651
94662
94674
94701
94706
94708
94734
94735
94743
94747
94770
94772
94772
94781
94783
94787
94799
94807
94808
94813
94815
94821
94837
94886
94894
94895
94902
94908
94913
94920
94920
94923
94928
94930
94930
94957
94959
94969
95002
95025
95031
95033
95041
95066
95070
95073
95074
95083
95129
95140
95155
95167
95174
95189
95238
95239
95241
95252
95258
95275
95281
95299
95307
95319
95323
95331
95337
95347
95363
95382
95387
95388
95417
95419
95445
95448
95463
95478
95479
95484
95515
95530
95550
95554
95565
95565
95574
95597
95607
95617
95632
95634
95663
95674
95681
95695
95704
95725
95729
95732
95739
95747
95760
95767
95775
95776
95781
95790
95793
95804
95807
95815
95836
95836
95838
95838
95863
95869
95876
95882
95891
95896
95903
95904
95921
95948
95952
95959
95976
95979
95988
95992
96013
96013
96024
96058
96063
96063
96080
96084
96089
96101
96112
96114
96124
96142
96145
96150
96151
96163
96164
96165
96171
96178
96187
96191
96225
96237
96264
96284
96289
96292
96306
96308
96311
96318
96329
96332
96347
96352
96365
96370
96374
96376
96407
96409
96412
96447
96451
96460
96462
96476
96501
96504
96553
96558
96561
96571
96581
96581
96582
96592
96610
96616
96618
96621
96625
96630
96632
96638
96648
96652
96657
96660
96673
96678
96682
96708
96709
96768
96801
96820
96821
96837
96840
96851
96860
96879
96904
96908
96948
96956
96958
96967
96995
96999
97001
97003
97006
97010
97012
97018
97018
97021
97031
97037
97038
97039
97047
97064
97065
97090
97146
97154
97159
97170
97173
97174
97187
97187
97190
97194
97234
97235
97235
97236
97237
97245
97261
97274
97276
97311
97313
97318
97330
97336
97360
97380
97390
97391
97395
97398
97409
97417
97442
97442
97445
97453
97459
97459
97460
97464
97473
97474
97482
97488
97504
97505
97508
97512
97520
97525
97527
97535
97538
97539
97582
97604
97624
97624
97640
97650
97653
97659
97669
97684
97692
97707
97709
97709
97710
97713
97719
97720
97731
97748
97761
97771
97780
97790
97796
97808
97831
97837
97838
97849
97852
97854
97865
97868
97880
97918
97964
97966
97968
97981
97988
97989
97993
97995
97996
98017
98018
98023
98025
98064
98076
98117
98119
98129
98135
98139
98153
98163
98177
98187
98187
98188
98190
98195
98203
98209
98210
98221
98226
98227
98231
98231
98252
98269
98270
98272
98275
98276
98279
98282
98287
98287
98297
98317
98332
98337
98339
98342
98343
98345
98358
98373
98375
98380
98387
98393
98437
98443
98450
98467
98479
98492
98493
98502
98505
98511
98514
98515
98545
98547
98560
98564
98573
98578
98615
98622
98638
98650
98692
98698
98701
98708
98709
98712
98715
98727
98753
98757
98768
98775
98775
98785
98790
98797
98809
98811
98813
98831
98840
98862
98876
98893
98911
98911
98914
98946
98949
98949
98955
98971
98977
99016
99027
99050
99065
99077
99077
99088
99110
99119
99132
99143
99149
99150
99150
99156
99161
99163
99175
99185
99185
99189
99211
99215
99230
99236
99259
99282
99289
99299
99325
99332
99332
99337
99342
99343
99361
99361
99370
99371
99374
99383
99387
99390
99392
99396
99398
99408
99416
99449
99459
99476
99479
99492
99508
99516
99546
99548
99551
99580
99581
99613
99623
99627
99640
99641
99651
99653
99654
99657
99661
99680
99691
99700
99709
99709
99711
99737
99762
99781
99782
99791
99795
99813
99816
99821
99831
99848
99852
99854
99856
99861
99881
99891
99913
99913
99915
99925
99934
99940
99954
99956
99965
99976
99980
