18
22
38
48
56
62
65
96
98
105
113
114
120
132
139
161
165
167
177
184
184
196
199
219
226
236
255
263
266
272
275
285
292
293
295
311
314
324
329
342
347
360
383
385
396
397
397
405
410
412
414
426
430
450
452
459
468
472
473
475
487
499
510
523
524
527
534
588
595
596
613
617
639
672
681
707
708
720
721
729
730
731
760
772
807
812
832
837
837
838
856
857
868
883
939
944
949
949
961
964
975
981
984
988
993
994
1000
1015
1038
1043
1056
1071
1097
1104
1113
1135
1141
1172
1179
1180
1191
1199
1219
1223
1266
1278
1279
1319
1353
1354
1355
1381
1388
1394
1406
1422
1460
1461
1467
1471
1481
1491
1495
1506
1524
1569
1578
1594
1601
1608
1623
1627
1648
1660
1663
1681
1695
1700
1706
1715
1719
1727
1728
1729
1748
1761
1776
1787
1791
1792
1802
1802
1808
1836
1852
1867
1868
1887
1889
1890
1903
1933
1934
1948
1957
1961
1978
2001
2002
2040
2055
2057
2063
2083
2130
2140
2140
2156
2161
2163
2181
2183
2206
2225
2228
2235
2237
2255
2258
2268
2297
2315
2318
2319
2325
2336
2371
2379
2392
2393
2396
2397
2401
2413
2430
2443
2447
2467
2477
2492
2503
2510
2511
2548
2557
2591
2597
2599
2612
2627
2636
2658
2662
2676
2695
2700
2704
2712
2732
2736
2744
2744
2748
2766
2774
2783
2798
2809
2810
2834
2861
2880
2908
2913
2926
2936
2938
2950
2962
2969
2979
2980
2986
2988
2992
2999
3003
3006
3010
3012
3047
3052
3053
3055
3059
3085
3094
3102
3104
3107
3114
3127
3133
3135
3149
3160
3184
3187
3188
3196
3197
3198
3210
3219
3221
3229
3242
3244
3254
3266
3268
3306
3316
3317
3321
3325
3326
3347
3375
3399
3404
3410
3411
3412
3417
3419
3423
3450
3467
3536
3541
3544
3560
3572
3573
3595
3598
3609
3619
3630
3653
3673
3713
3716
3726
3727
3740
3740
3745
3749
3754
3760
3781
3793
3795
3802
3831
3847
3848
3849
3849
3854
3870
3888
3891
3894
3923
3931
3942
3983
3988
3990
3995
3996
4012
4027
4027
4035
4040
4049
4050
4057
4080
4099
4102
4110
4122
4142
4144
4147
4148
4165
4168
4174
4181
4188
4190
4217
4217
4225
4239
4245
4246
4248
4257
4269
4286
4310
4326
4334
4336
4341
4362
4364
4371
4374
4377
4382
4393
4400
4405
4416
4424
4424
4431
4434
4440
4446
4455
4458
4461
4473
4476
4481
4481
4483
4499
4508
4510
4525
4562
4585
4588
4606
4618
4626
4627
4627
4670
4682
4690
4700
4703
4704
4710
4713
4736
4744
4764
4769
4803
4813
4850
4853
4869
4874
4884
4895
4904
4936
4947
4950
4963
4965
4967
4985
5005
5005
5010
5017
5019
5020
5024
5030
5054
5066
5075
5083
5085
5085
5097
5104
5109
5109
5111
5126
5191
5194
5197
5198
5207
5227
5234
5248
5253
5253
5258
5267
5273
5274
5291
5299
5300
5304
5313
5316
5336
5369
5370
5381
5391
5397
5398
5412
5423
5428
5437
5456
5466
5502
5550
5550
5558
5563
5564
5579
5615
5617
5620
5634
5645
5653
5662
5679
5679
5683
5686
5716
5717
5718
5738
5740
5766
5767
5776
5779
5795
5799
5813
5813
5827
5854
5881
5884
5889
5909
5910
5925
5934
5953
5973
6021
6041
6048
6084
6085
6088
6089
6094
6098
6104
6107
6121
6122
6124
6132
6133
6141
6143
6152
6153
6171
6177
6180
6180
6180
6185
6203
6206
6219
6235
6241
6247
6253
6269
6271
6277
6280
6285
6293
6298
6304
6310
6312
6324
6326
6328
6330
6348
6366
6374
6379
6400
6417
6433
6435
6438
6440
6456
6461
6469
6515
6519
6521
6522
6535
6540
6569
6573
6577
6581
6584
6588
6632
6680
6685
6695
6695
6712
6721
6727
6729
6731
6752
6759
6763
6763
6765
6766
6773
6778
6779
6780
6781
6784
6811
6816
6828
6830
6831
6832
6844
6876
6887
6890
6891
6905
6910
6931
6945
6952
6978
6984
6989
7006
7006
7006
7024
7027
7028
7036
7054
7071
7099
7108
7122
7145
7183
7209
7209
7216
7228
7232
7238
7239
7260
7267
7273
7281
7294
7308
7325
7325
7330
7339
7354
7355
7383
7393
7395
7409
7418
7419
7421
7431
7432
7437
7440
7443
7449
7476
7477
7498
7512
7513
7518
7525
7530
7536
7544
7545
7563
7568
7575
7583
7595
7595
7599
7625
7650
7661
7668
7733
7736
7737
7764
7783
7790
7807
7813
7826
7829
7830
7832
7835
7837
7838
7847
7865
7878
7892
7923
7926
7938
7942
7951
7954
7965
7968
7974
7988
7996
8008
8021
8025
8031
8038
8042
8056
8064
8071
8073
8076
8080
8081
8087
8093
8108
8143
8145
8152
8155
8164
8169
8176
8179
8184
8197
8205
8208
8225
8230
8230
8250
8255
8261
8272
8280
8287
8287
8292
8311
8321
8321
8334
8354
8361
8385
8401
8410
8412
8437
8471
8476
8477
8502
8510
8511
8511
8512
8520
8539
8539
8574
8587
8590
8592
8616
8620
8621
8625
8640
8643
8646
8649
8651
8653
8682
8688
8691
8716
8722
8722
8742
8766
8769
8775
8776
8798
8813
8836
8869
8872
8875
8893
8896
8899
8904
8906
8908
8927
8967
8971
8976
8978
8983
8989
8994
8999
9002
9021
9023
9046
9065
9075
9077
9090
9107
9141
9148
9154
9160
9160
9161
9162
9167
9187
9193
9196
9215
9218
9279
9284
9293
9308
9310
9317
9330
9330
9331
9354
9358
9371
9390
9404
9413
9414
9423
9435
9452
9452
9460
9473
9475
9493
9498
9517
9537
9546
9552
9554
9572
9574
9574
9591
9631
9645
9654
9656
9656
9660
9661
9665
9674
9676
9686
9688
9702
9713
9728
9729
9733
9738
9758
9776
9782
9792
9811
9812
9824
9836
9849
9881
9883
9892
9917
9917
9919
9919
9938
9946
9954
9963
9983
9984
9989
10014
10030
10031
10037
10043
10047
10048
10054
10065
10069
10073
10081
10081
10115
10115
10118
10120
10135
10155
10172
10186
10194
10203
10204
10207
10217
10217
10220
10220
10225
10263
10278
10289
10336
10337
10338
10367
10371
10374
10386
10398
10412
10442
10463
10474
10475
10490
10497
10504
10512
10527
10542
10554
10560
10563
10567
10591
10632
10636
10638
10657
10657
10664
10679
10700
10704
10720
10726
10738
10762
10784
10787
10792
10820
10832
10841
10855
10870
10871
10880
10886
10896
10902
10906
10906
10919
10925
10963
10966
10966
10988
11005
11015
11029
11034
11066
11086
11093
11122
11137
11149
11174
11188
11204
11208
11215
11220
11221
11253
11254
11260
11263
11278
11280
11296
11324
11325
11340
11365
11377
11404
11414
11434
11435
11456
11458
11462
11480
11482
11484
11510
11511
11520
11528
11546
11548
11570
11588
11599
11601
11619
11624
11628
11630
11633
11638
11641
11651
11665
11684
11693
11702
11731
11746
11753
11765
11767
11784
11786
11788
11801
11810
11812
11824
11827
11829
11850
11850
11850
11860
11868
11873
11880
11891
11891
11905
11906
11906
11925
11926
11941
11942
11956
11967
11979
11998
12001
12002
12010
12016
12026
12026
12038
12060
12068
12074
12086
12090
12092
12094
12106
12119
12124
12142
12154
12154
12169
12175
12184
12187
12191
12200
12203
12209
12215
12247
12255
12309
12312
12315
12320
12344
12364
12382
12384
12394
12403
12407
12408
12421
12425
12428
12441
12457
12470
12486
12502
12518
12524
12529
12583
12596
12600
12600
12605
12605
12616
12623
12630
12641
12646
12648
12651
12667
12676
12679
12682
12695
12707
12726
12748
12749
12752
12760
12768
12771
12777
12781
12784
12795
12800
12800
12806
12826
12845
12854
12895
12898
12903
12904
12907
12915
12926
12941
12942
12944
12946
12951
12951
12981
12995
12997
12997
12999
13010
13018
13038
13049
13055
13064
13105
13107
13111
13123
13153
13155
13166
13174
13184
13184
13189
13213
13241
13257
13260
13261
13261
13262
13265
13268
13270
13284
13288
13303
13324
13338
13351
13365
13366
13397
13407
13415
13423
13434
13434
13446
13452
13476
13479
13493
13527
13542
13558
13562
13566
13567
13572
13575
13584
13587
13588
13620
13631
13648
13667
13672
13675
13693
13697
13714
13720
13728
13734
13744
13753
13754
13760
13774
13785
13794
13799
13816
13817
13821
13826
13845
13847
13857
13860
13876
13886
13898
13900
13908
13916
13926
13948
13957
13976
13981
13983
13983
14001
14006
14014
14022
14030
14032
14037
14043
14063
14082
14085
14091
14116
14132
14170
14173
14173
14178
14184
14195
14218
14220
14223
14224
14237
14239
14247
14253
14253
14253
14273
14279
14289
14305
14315
14324
14355
14356
14367
14394
14398
14405
14407
14407
14473
14473
14484
14498
14511
14513
14523
14539
14573
14573
14574
14579
14593
14595
14607
14613
14619
14622
14636
14643
14657
14668
14681
14689
14716
14733
14740
14762
14777
14783
14783
14783
14790
14795
14802
14807
14815
14821
14826
14852
14853
14856
14868
14870
14876
14891
14895
14909
14927
14936
14941
14968
14969
14973
14977
14977
14978
14979
14980
14993
14994
15006
15013
15059
15064
15078
15085
15086
15088
15102
15139
15144
15149
15152
15154
15175
15207
15209
15226
15265
15314
15322
15332
15341
15354
15358
15371
15382
15384
15386
15393
15404
15410
15425
15426
15449
15449
15471
15481
15510
15511
15522
15523
15527
15546
15557
15568
15568
15585
15587
15598
15610
15619
15621
15625
15642
15653
15673
15684
15700
15700
15704
15709
15713
15736
15758
15761
15782
15785
15786
15800
15806
15810
15813
15831
15853
15858
15865
15869
15881
15882
15950
15961
15962
15976
15978
15986
16013
16020
16038
16039
16049
16055
16066
16069
16070
16078
16104
16106
16124
16128
16130
16159
16161
16166
16171
16183
16185
16243
16249
16282
16288
16323
16325
16333
16337
16353
16378
16383
16390
16400
16408
16410
16445
16462
16479
16480
16504
16512
16525
16527
16537
16567
16582
16609
16618
16633
16643
16698
16701
16717
16729
16734
16745
16769
16789
16802
16808
16850
16851
16874
16876
16879
16884
16885
16896
16898
16910
16925
16928
16931
16932
16943
16960
16969
16970
17027
17028
17030
17037
17043
17071
17078
17093
17093
17118
17124
17126
17149
17155
17165
17172
17180
17194
17197
17224
17236
17245
17254
17261
17267
17274
17276
17285
17288
17311
17311
17335
17361
17371
17373
17387
17407
17410
17450
17460
17470
17481
17490
17496
17550
17551
17552
17565
17572
17575
17587
17601
17604
17610
17618
17627
17636
17644
17646
17649
17650
17653
17685
17700
17700
17703
17716
17729
17733
17734
17745
17770
17797
17799
17805
17808
17820
17828
17830
17841
17842
17842
17843
17855
17857
17858
17868
17883
17885
17889
17908
17918
17930
17932
17937
17940
17953
17957
17981
17986
17994
17998
18000
18007
18013
18014
18025
18028
18029
18030
18033
18040
18048
18054
18061
18062
18064
18065
18068
18071
18077
18079
18093
18095
18107
18108
18112
18120
18123
18127
18135
18139
18143
18151
18180
18185
18189
18196
18201
18231
18249
18292
18296
18329
18333
18337
18380
18390
18397
18408
18420
18422
18424
18430
18430
18435
18453
18465
18466
18479
18502
18502
18504
18508
18518
18519
18521
18524
18530
18534
18548
18555
18557
18559
18563
18566
18601
18644
18650
18669
18671
18676
18712
18714
18722
18740
18741
18741
18759
18774
18785
18786
18789
18808
18814
18817
18836
18841
18879
18882
18912
18914
18926
18931
18934
18953
18960
18974
18986
18990
18990
18992
18994
19000
19012
19017
19021
19051
19057
19062
19082
19093
19115
19115
19132
19135
19141
19143
19151
19152
19160
19162
19174
19220
19224
19244
19246
19251
19253
19262
19264
19264
19265
19265
19274
19312
19317
19320
19334
19338
19361
19366
19375
19400
19404
19404
19411
19412
19420
19423
19428
19442
19442
19443
19447
19456
19459
19460
19469
19480
19498
19509
19521
19532
19565
19594
19598
19604
19611
19615
19635
19636
19639
19641
19649
19652
19656
19656
19659
19659
19660
19668
19669
19693
19699
19699
19706
19717
19730
19737
19740
19745
19753
19754
19755
19762
19763
19780
19788
19794
19798
19806
19819
19823
19825
19849
19868
19877
19901
19909
19943
19968
19978
19979
19980
19993
19997
20000
20007
20044
20058
20062
20064
20064
20079
20088
20101
20107
20118
20122
20130
20137
20139
20157
20182
20183
20185
20195
20213
20244
20256
20263
20265
20265
20267
20296
20296
20306
20308
20309
20359
20364
20394
20395
20410
20433
20440
20441
20460
20467
20477
20488
20491
20493
20494
20523
20531
20545
20579
20586
20589
20602
20605
20619
20628
20635
20649
20682
20697
20727
20732
20746
20749
20782
20809
20814
20824
20828
20882
20888
20893
20900
20906
20915
20917
20921
20946
20953
20964
20975
20975
20989
20992
21004
21008
21018
21026
21026
21055
21061
21062
21062
21063
21065
21067
21069
21100
21115
21116
21157
21173
21176
21177
21181
21186
21189
21209
21213
21216
21225
21235
21235
21236
21244
21246
21252
21255
21271
21278
21284
21294
21306
21326
21333
21339
21339
21345
21348
21365
21374
21381
21402
21407
21418
21421
21441
21445
21460
21465
21485
21497
21524
21542
21558
21566
21576
21591
21603
21606
21608
21632
21633
21639
21642
21645
21655
21678
21679
21686
21693
21698
21715
21716
21727
21731
21744
21744
21752
21755
21756
21761
21779
21784
21810
21822
21828
21833
21840
21857
21859
21860
21861
21880
21886
21894
21895
21909
21914
21917
21921
21924
21945
21948
21956
21959
22002
22002
22027
22029
22033
22047
22054
22071
22075
22096
22108
22123
22124
22145
22171
22181
22185
22214
22216
22227
22244
22260
22267
22275
22277
22281
22282
22283
22305
22309
22331
22340
22354
22365
22386
22391
22392
22400
22420
22420
22423
22426
22432
22434
22471
22480
22502
22513
22519
22536
22559
22568
22572
22574
22587
22591
22600
22614
22624
22627
22630
22633
22634
22670
22673
22694
22701
22715
22717
22721
22731
22741
22741
22758
22765
22767
22803
22814
22831
22831
22843
22867
22875
22887
22895
22898
22911
22934
22945
22966
22970
22973
22974
22977
22994
23012
23016
23044
23060
23097
23115
23115
23118
23119
23154
23168
23209
23213
23244
23250
23258
23261
23268
23272
23272
23285
23306
23322
23323
23362
23373
23387
23399
23400
23406
23407
23416
23422
23435
23459
23467
23475
23485
23496
23497
23512
23522
23552
23558
23575
23581
23600
23602
23602
23646
23661
23663
23664
23665
23674
23675
23689
23693
23694
23708
23722
23727
23741
23748
23759
23762
23764
23786
23800
23808
23810
23812
23814
23872
23894
23900
23901
23928
23950
23955
23962
24003
24004
24008
24019
24047
24052
24053
24080
24095
24101
24109
24129
24132
24139
24160
24163
24177
24182
24185
24193
24198
24210
24218
24225
24246
24255
24285
24288
24309
24316
24335
24344
24370
24376
24381
24425
24427
24432
24455
24467
24496
24496
24499
24500
24507
24507
24507
24510
24510
24524
24526
24528
24535
24537
24564
24570
24578
24588
24589
24590
24602
24609
24624
24631
24645
24658
24677
24706
24709
24712
24720
24723
24739
24740
24753
24765
24780
24786
24787
24834
24854
24864
24876
24878
24881
24882
24889
24894
24894
24895
24903
24911
24911
24916
24935
24955
24957
24970
24990
25000
25017
25029
25034
25042
25052
25058
25064
25067
25069
25084
25091
25097
25112
25123
25148
25153
25163
25175
25176
25184
25223
25245
25254
25258
25261
25271
25289
25309
25315
25339
25341
25364
25365
25366
25374
25394
25394
25405
25411
25423
25430
25434
25438
25440
25441
25459
25476
25478
25478
25480
25489
25497
25508
25510
25512
25523
25549
25569
25571
25573
25577
25577
25584
25587
25588
25597
25612
25613
25616
25622
25653
25667
25668
25690
25708
25710
25714
25741
25748
25766
25775
25788
25803
25811
25829
25854
25860
25875
25889
25908
25917
25935
25935
25941
25948
25959
25973
25977
26007
26020
26030
26034
26035
26060
26069
26084
26087
26088
26114
26129
26137
26141
26153
26159
26163
26195
26195
26206
26223
26235
26242
26260
26263
26264
26283
26285
26312
26325
26326
26346
26361
26394
26407
26408
26412
26420
26421
26425
26434
26434
26435
26452
26453
26470
26488
26491
26498
26498
26500
26506
26516
26535
26541
26542
26549
26561
26580
26580
26586
26590
26597
26602
26606
26611
26622
26642
26644
26649
26650
26650
26667
26668
26677
26690
26697
26727
26729
26731
26734
26748
26769
26790
26801
26840
26851
26865
26878
26891
26926
26933
26963
26972
26988
26992
27003
27004
27005
27014
27022
27035
27054
27066
27071
27084
27094
27110
27110
27118
27133
27155
27181
27195
27195
27197
27209
27241
27245
27263
27272
27298
27339
27346
27350
27367
27371
27406
27407
27420
27429
27431
27437
27440
27445
27457
27457
27478
27532
27541
27560
27562
27564
27565
27570
27571
27580
27593
27627
27629
27631
27647
27659
27665
27671
27686
27702
27709
27712
27726
27732
27740
27772
27779
27785
27793
27813
27830
27834
27843
27849
27862
27866
27868
27874
27890
27896
27899
27918
27932
27940
27954
27987
27998
28000
28000
28020
28021
28026
28026
28031
28043
28045
28056
28065
28070
28072
28078
28092
28098
28111
28131
28140
28146
28147
28150
28166
28167
28179
28181
28191
28209
28232
28232
28237
28252
28256
28258
28262
28268
28277
28286
28286
28287
28288
28290
28293
28307
28312
28316
28324
28325
28338
28344
28347
28351
28366
28367
28368
28387
28409
28423
28444
28454
28455
28464
28476
28478
28517
28531
28541
28550
28575
28589
28597
28606
28625
28630
28635
28641
28668
28675
28678
28679
28680
28706
28707
28712
28722
28737
28739
28743
28746
28771
28775
28791
28818
28822
28826
28829
28835
28872
28874
28888
28905
28908
28912
28931
28936
28966
28967
28982
28992
28993
29016
29052
29053
29055
29068
29075
29077
29081
29086
29116
29118
29138
29160
29167
29182
29197
29207
29222
29229
29238
29239
29266
29289
29290
29291
29295
29313
29340
29344
29356
29375
29403
29404
29408
29416
29419
29435
29438
29442
29460
29472
29477
29484
29504
29507
29536
29560
29564
29569
29595
29605
29610
29612
29618
29626
29652
29660
29669
29675
29676
29678
29682
29684
29689
29711
29725
29733
29749
29750
29763
29767
29774
29776
29781
29786
29809
29811
29815
29824
29828
29845
29865
29875
29876
29877
29881
29889
29949
29955
29965
29975
29984
29993
30029
30033
30052
30055
30056
30058
30065
30070
30074
30079
30090
30093
30095
30115
30140
30173
30182
30186
30186
30205
30209
30212
30214
30219
30244
30260
30262
30269
30315
30316
30320
30325
30328
30335
30362
30373
30382
30390
30393
30445
30447
30459
30467
30483
30498
30499
30522
30534
30555
30571
30572
30599
30606
30608
30620
30623
30630
30639
30647
30651
30674
30674
30676
30682
30703
30709
30728
30738
30739
30739
30753
30755
30762
30770
30780
30783
30790
30805
30810
30811
30828
30830
30834
30836
30849
30867
30879
30894
30911
30954
30974
30985
30991
30997
31001
31010
31017
31033
31035
31052
31061
31064
31066
31080
31089
31094
31095
31102
31116
31118
31120
31129
31139
31153
31163
31167
31168
31172
31174
31186
31202
31230
31236
31267
31278
31285
31297
31299
31331
31338
31352
31357
31381
31424
31429
31436
31437
31455
31472
31490
31498
31508
31509
31522
31533
31549
31551
31558
31570
31586
31617
31619
31620
31634
31635
31638
31652
31676
31687
31702
31712
31721
31723
31730
31733
31736
31739
31757
31761
31783
31788
31805
31819
31822
31823
31841
31854
31860
31863
31864
31880
31885
31886
31891
31905
31932
31936
31943
31945
31952
31952
31955
31957
31958
31975
31977
31983
31983
32017
32028
32038
32050
32059
32059
32082
32097
32098
32100
32104
32119
32128
32129
32140
32166
32173
32174
32188
32191
32198
32202
32225
32232
32235
32238
32242
32242
32243
32260
32273
32279
32285
32296
32303
32320
32332
32338
32339
32340
32344
32353
32361
32364
32374
32374
32383
32412
32414
32422
32427
32429
32431
32431
32436
32458
32464
32472
32486
32498
32508
32517
32519
32530
32550
32578
32589
32609
32620
32620
32628
32631
32634
32655
32678
32700
32709
32713
32723
32727
32738
32752
32752
32762
32796
32802
32808
32815
32847
32858
32858
32863
32866
32874
32912
32912
32913
32914
32920
32930
32944
32951
32962
33006
33022
33024
33026
33032
33045
33047
33072
33087
33101
33136
33143
33153
33155
33156
33158
33168
33169
33181
33201
33205
33206
33208
33214
33249
33249
33252
33274
33278
33306
33307
33321
33323
33325
33344
33359
33360
33386
33391
33397
33424
33425
33429
33434
33457
33463
33463
33476
33478
33480
33487
33509
33520
33555
33565
33574
33586
33592
33594
33595
33597
33625
33636
33646
33665
33681
33691
33695
33701
33717
33720
33723
33773
33787
33788
33803
33809
33812
33815
33829
33845
33859
33883
33886
33890
33895
33897
33932
33948
33967
33969
33986
33990
33997
34002
34003
34006
34016
34020
34027
34058
34059
34084
34130
34134
34146
34149
34191
34191
34208
34209
34229
34233
34252
34261
34265
34277
34280
34282
34286
34287
34298
34312
34318
34320
34339
34342
34381
34407
34414
34419
34440
34471
34475
34505
34520
34520
34522
34527
34535
34550
34554
34558
34587
34591
34612
34615
34626
34633
34660
34663
34666
34666
34698
34710
34715
34725
34730
34747
34757
34772
34776
34797
34811
34843
34852
34882
34893
34902
34905
34914
34915
34927
34936
34936
34964
34978
34979
34987
34989
34997
35008
35014
35028
35031
35032
35035
35036
35049
35050
35051
35080
35092
35105
35116
35123
35123
35135
35139
35142
35145
35164
35167
35169
35170
35191
35222
35249
35254
35266
35285
35305
35309
35319
35339
35346
35353
35407
35415
35416
35426
35428
35472
35475
35485
35501
35504
35517
35519
35522
35523
35525
35529
35563
35564
35573
35583
35596
35598
35630
35631
35635
35638
35640
35643
35645
35652
35658
35660
35663
35668
35694
35707
35709
35709
35711
35718
35720
35743
35749
35753
35756
35767
35767
35769
35784
35789
35823
35833
35835
35853
35856
35872
35879
35895
35919
35932
35936
35941
35951
35962
35964
35972
35985
35986
35998
36017
36046
36054
36063
36065
36069
36070
36072
36089
36098
36100
36111
36118
36124
36126
36133
36143
36153
36177
36198
36206
36220
36235
36245
36250
36251
36282
36292
36297
36301
36323
36323
36327
36350
36358
36359
36369
36380
36405
36412
36415
36426
36444
36467
36467
36477
36496
36500
36504
36511
36521
36529
36542
36553
36557
36563
36565
36574
36590
36595
36609
36615
36619
36625
36629
36631
36654
36664
36664
36667
36676
36688
36705
36711
36725
36753
36760
36763
36793
36794
36808
36825
36840
36877
36878
36885
36892
36897
36909
36915
36916
36921
36927
36929
36934
36965
36971
36976
36980
36987
37000
37033
37056
37065
37071
37075
37078
37087
37114
37125
37130
37185
37205
37213
37238
37245
37255
37258
37266
37269
37271
37285
37294
37337
37353
37354
37355
37362
37366
37382
37397
37404
37442
37446
37449
37451
37452
37460
37460
37508
37509
37524
37525
37531
37535
37535
37560
37574
37576
37580
37582
37601
37622
37630
37645
37657
37673
37677
37681
37684
37693
37695
37735
37753
37753
37761
37769
37793
37796
37796
37814
37814
37819
37824
37827
37833
37835
37879
37915
37920
37925
37937
37947
37949
37950
37951
37953
37958
37986
37989
38042
38045
38053
38053
38058
38058
38086
38099
38105
38119
38124
38136
38138
38144
38147
38171
38189
38190
38193
38198
38202
38204
38207
38218
38233
38239
38262
38275
38296
38299
38300
38302
38303
38307
38309
38326
38330
38341
38348
38353
38357
38359
38375
38397
38397
38398
38402
38407
38424
38424
38435
38436
38441
38453
38459
38460
38462
38464
38494
38499
38502
38507
38542
38547
38572
38577
38579
38602
38611
38623
38659
38669
38693
38710
38722
38725
38737
38738
38753
38771
38779
38793
38805
38809
38824
38836
38842
38844
38852
38853
38855
38883
38884
38887
38895
38907
38913
38915
38954
38961
38966
38966
38967
39001
39008
39020
39023
39027
39035
39037
39047
39060
39063
39066
39087
39089
39091
39106
39112
39115
39123
39153
39154
39159
39162
39165
39170
39177
39184
39192
39203
39208
39233
39233
39236
39253
39257
39262
39266
39271
39274
39275
39286
39287
39291
39309
39311
39338
39347
39354
39360
39362
39367
39392
39422
39437
39470
39474
39475
39476
39482
39484
39491
39497
39512
39541
39543
39558
39563
39575
39603
39615
39644
39646
39656
39659
39678
39685
39696
39732
39746
39748
39758
39767
39768
39803
39805
39812
39837
39854
39889
39904
39915
39915
39916
39925
39937
39942
39945
39951
39966
39983
40031
40043
40047
40048
40051
40054
40068
40089
40099
40105
40110
40111
40116
40117
40128
40145
40171
40176
40225
40242
40251
40252
40259
40260
40278
40280
40281
40284
40292
40298
40325
40330
40352
40366
40380
40381
40393
40405
40405
40408
40417
40437
40437
40438
40446
40447
40448
40455
40496
40526
40526
40537
40556
40581
40597
40597
40618
40631
40634
40641
40642
40642
40647
40679
40680
40682
40683
40688
40698
40701
40710
40743
40752
40758
40767
40775
40776
40779
40785
40809
40815
40821
40838
40841
40876
40899
40903
40911
40918
40918
40921
40926
40936
40969
40972
40992
40995
41013
41016
41019
41023
41026
41032
41042
41050
41062
41074
41097
41103
41108
41135
41169
41175
41193
41200
41212
41217
41224
41229
41231
41238
41241
41265
41268
41270
41280
41313
41329
41333
41362
41366
41378
41380
41423
41429
41437
41450
41460
41467
41475
41482
41482
41491
41502
41504
41508
41556
41558
41568
41572
41577
41596
41600
41608
41613
41635
41656
41667
41679
41684
41697
41700
41708
41709
41718
41734
41745
41749
41750
41790
41809
41815
41820
41824
41831
41832
41833
41835
41835
41841
41846
41847
41863
41872
41872
41877
41878
41890
41891
41898
41903
41917
41953
41960
41963
41970
41977
41980
42001
42011
42020
42046
42050
42057
42060
42067
42068
42076
42077
42096
42129
42138
42139
42143
42155
42178
42248
42255
42256
42258
42279
42286
42300
42301
42322
42325
42344
42353
42359
42372
42375
42386
42391
42402
42433
42456
42473
42483
42484
42489
42526
42532
42541
42542
42554
42561
42562
42562
42563
42576
42577
42586
42612
42613
42641
42667
42686
42699
42726
42730
42731
42737
42759
42760
42783
42786
42803
42827
42832
42833
42842
42857
42863
42879
42894
42895
42896
42898
42900
42902
42935
42945
42957
42972
42987
42989
43018
43020
43052
43068
43071
43073
43082
43082
43089
43130
43130
43159
43160
43183
43215
43216
43216
43218
43222
43227
43237
43247
43251
43255
43255
43264
43279
43288
43293
43301
43316
43329
43335
43344
43346
43356
43369
43372
43374
43380
43389
43392
43420
43427
43433
43443
43445
43447
43459
43478
43497
43500
43508
43514
43517
43525
43559
43582
43630
43633
43634
43639
43646
43647
43656
43660
43661
43662
43682
43694
43698
43702
43738
43739
43747
43754
43767
43782
43784
43788
43806
43813
43819
43822
43823
43829
43831
43836
43844
43846
43850
43862
43866
43895
43918
43939
43944
43964
43973
43986
43988
43991
43994
44001
44013
44018
44022
44032
44041
44056
44061
44070
44077
44098
44100
44106
44114
44130
44144
44145
44147
44193
44196
44206
44215
44221
44226
44254
44258
44266
44272
44289
44296
44316
44319
44321
44343
44347
44366
44372
44377
44380
44396
44409
44428
44428
44447
44463
44469
44477
44478
44479
44484
44491
44497
44505
44509
44533
44586
44588
44590
44607
44617
44622
44630
44636
44643
44667
44675
44697
44710
44717
44723
44735
44763
44785
44800
44802
44804
44806
44831
44851
44863
44895
44920
44925
44933
44935
44938
44955
44967
44975
44982
44989
45008
45011
45016
45033
45047
45072
45084
45093
45096
45099
45101
45117
45129
45142
45168
45171
45187
45190
45195
45206
45206
45215
45218
45233
45234
45235
45261
45272
45281
45284
45291
45319
45322
45322
45328
45330
45336
45337
45354
45382
45397
45413
45444
45491
45492
45503
45503
45527
45529
45540
45551
45568
45575
45577
45585
45588
45592
45600
45606
45617
45641
45660
45666
45671
45678
45704
45732
45734
45737
45754
45760
45760
45783
45799
45804
45807
45809
45810
45814
45814
45827
45829
45842
45846
45858
45878
45891
45894
45899
45900
45901
45925
45933
45935
45950
45954
45954
45989
46015
46023
46028
46029
46049
46055
46056
46068
46068
46090
46093
46096
46098
46100
46132
46151
46151
46157
46159
46163
46172
46180
46187
46227
46249
46253
46253
46253
46261
46262
46270
46275
46290
46297
46321
46379
46423
46452
46474
46482
46484
46486
46499
46504
46517
46517
46524
46526
46563
46563
46567
46578
46587
46597
46603
46611
46617
46621
46627
46662
46674
46674
46678
46693
46707
46745
46752
46758
46770
46777
46781
46786
46790
46791
46795
46802
46810
46814
46829
46830
46837
46842
46851
46864
46866
46885
46907
46919
46924
46942
46943
46944
46946
46965
46969
46980
46987
46989
46991
46993
47059
47071
47072
47078
47094
47110
47126
47130
47135
47143
47153
47160
47169
47182
47182
47190
47211
47213
47226
47235
47236
47236
47254
47261
47263
47270
47273
47297
47300
47305
47308
47313
47317
47328
47328
47345
47345
47346
47347
47353
47416
47419
47448
47449
47456
47467
47472
47477
47492
47506
47577
47580
47591
47599
47600
47602
47604
47612
47624
47627
47629
47633
47638
47646
47649
47653
47668
47675
47678
47692
47697
47719
47725
47738
47738
47751
47753
47782
47783
47783
47785
47793
47799
47805
47837
47854
47866
47870
47881
47895
47896
47922
47938
47938
47942
47945
47960
47978
47981
47997
48000
48000
48006
48008
48010
48023
48043
48049
48065
48067
48067
48069
48113
48122
48145
48156
48178
48221
48239
48242
48251
48259
48267
48271
48279
48295
48304
48308
48322
48328
48334
48334
48337
48345
48353
48355
48361
48367
48390
48397
48423
48427
48428
48436
48444
48447
48447
48460
48464
48485
48489
48489
48500
48521
48528
48528
48533
48535
48568
48572
48580
48585
48588
48602
48612
48625
48636
48662
48673
48676
48684
48709
48716
48725
48727
48746
48769
48782
48812
48819
48893
48898
48902
48909
48930
48939
48941
48944
48950
48955
48955
48971
48990
48990
48998
49018
49035
49044
49056
49067
49067
49069
49114
49143
49148
49153
49169
49177
49197
49204
49206
49215
49224
49228
49230
49233
49236
49246
49249
49251
49254
49297
49301
49308
49309
49337
49345
49350
49350
49371
49376
49379
49381
49402
49406
49411
49440
49440
49444
49448
49451
49463
49491
49501
49504
49525
49536
49538
49548
49558
49574
49580
49583
49587
49588
49609
49626
49642
49645
49648
49659
49685
49687
49687
49696
49710
49720
49724
49724
49735
49747
49748
49749
49756
49764
49775
49785
49790
49796
49802
49809
49810
49815
49818
49819
49824
49840
49841
49846
49858
49859
49859
49879
49880
49883
49896
49897
49901
49909
49918
49931
49962
49989
49995
50002
50006
50016
50040
50041
50058
50069
50071
50072
50073
50076
50085
50093
50102
50103
50106
50109
50124
50133
50135
50143
50148
50158
50158
50159
50166
50169
50202
50206
50238
50239
50266
50268
50272
50283
50292
50296
50308
50313
50313
50317
50320
50324
50335
50347
50349
50362
50382
50382
50413
50420
50432
50443
50443
50445
50456
50466
50474
50478
50484
50487
50487
50494
50495
50514
50525
50530
50566
50569
50571
50571
50593
50597
50605
50612
50614
50614
50617
50617
50621
50629
50633
50648
50658
50667
50669
50679
50680
50691
50705
50716
50735
50751
50755
50764
50766
50776
50804
50811
50811
50818
50825
50869
50901
50921
50923
50928
50935
50947
50956
50957
50963
50966
50981
50986
50988
50991
51000
51020
51042
51052
51070
51072
51074
51074
51089
51102
51105
51124
51130
51193
51193
51213
51216
51218
51220
51221
51221
51230
51230
51252
51254
51261
51269
51274
51276
51285
51290
51300
51326
51335
51336
51338
51343
51358
51367
51370
51380
51381
51392
51397
51401
51411
51418
51426
51435
51435
51443
51497
51501
51514
51517
51524
51528
51531
51552
51565
51576
51577
51581
51587
51589
51599
51607
51607
51609
51612
51625
51632
51679
51681
51706
51715
51717
51731
51755
51764
51766
51769
51796
51809
51831
51835
51850
51862
51869
51906
51911
51922
51929
51955
51981
51981
51983
51990
52020
52022
52027
52037
52059
52077
52078
52081
52085
52086
52116
52123
52123
52127
52129
52156
52185
52197
52206
52224
52229
52230
52238
52239
52245
52248
52257
52294
52307
52318
52320
52330
52330
52333
52336
52341
52351
52361
52384
52386
52391
52396
52420
52423
52427
52432
52435
52435
52444
52453
52459
52469
52487
52492
52493
52496
52504
52510
52515
52517
52532
52536
52538
52538
52539
52541
52583
52589
52595
52595
52620
52643
52654
52656
52688
52696
52713
52729
52738
52738
52750
52754
52768
52786
52795
52801
52809
52811
52817
52821
52836
52838
52848
52856
52861
52896
52906
52930
52934
52978
52987
52987
52992
53030
53037
53040
53042
53044
53047
53065
53098
53099
53107
53111
53118
53123
53141
53166
53168
53168
53194
53231
53260
53280
53294
53305
53311
53314
53330
53333
53334
53336
53336
53340
53348
53350
53352
53354
53357
53362
53390
53413
53418
53419
53434
53438
53443
53448
53450
53455
53499
53514
53518
53523
53567
53568
53572
53573
53584
53585
53592
53593
53603
53623
53634
53636
53646
53651
53679
53681
53704
53706
53711
53719
53720
53721
53730
53734
53735
53745
53746
53766
53770
53778
53779
53804
53806
53825
53829
53838
53869
53884
53896
53898
53942
53943
53966
53976
53983
53983
54006
54017
54018
54026
54026
54034
54057
54063
54068
54095
54107
54161
54177
54193
54210
54215
54216
54219
54221
54225
54228
54237
54237
54240
54251
54251
54266
54270
54274
54277
54280
54315
54317
54320
54334
54336
54340
54342
54352
54357
54361
54361
54367
54403
54404
54412
54413
54426
54435
54449
54451
54453
54455
54477
54482
54489
54492
54497
54501
54526
54541
54546
54556
54561
54567
54571
54571
54577
54628
54676
54681
54686
54694
54700
54709
54715
54723
54723
54729
54734
54744
54751
54752
54761
54780
54793
54799
54799
54815
54820
54826
54847
54870
54874
54881
54896
54907
54914
54928
54954
54957
54963
55005
55006
55007
55012
55013
55034
55041
55060
55076
55085
55093
55099
55114
55122
55127
55127
55134
55137
55138
55147
55150
55162
55177
55190
55201
55221
55222
55230
55237
55246
55255
55259
55276
55282
55294
55304
55321
55321
55323
55329
55336
55338
55349
55365
55367
55368
55371
55384
55405
55405
55420
55429
55432
55433
55437
55438
55439
55463
55464
55483
55486
55497
55498
55498
55503
55530
55538
55542
55565
55587
55588
55598
55637
55642
55669
55678
55679
55704
55706
55713
55744
55746
55747
55767
55781
55786
55790
55799
55802
55802
55816
55816
55826
55838
55848
55851
55864
55873
55875
55883
55887
55895
55899
55912
55915
55918
55949
55954
55962
55967
55981
55999
56025
56033
56042
56057
56064
56066
56068
56078
56089
56090
56107
56109
56124
56128
56130
56140
56152
56206
56229
56232
56297
56300
56304
56322
56331
56362
56366
56391
56401
56407
56451
56451
56455
56465
56491
56500
56500
56509
56519
56534
56538
56540
56564
56564
56571
56580
56586
56594
56604
56617
56637
56640
56651
56652
56684
56688
56690
56697
56702
56725
56743
56767
56777
56792
56793
56800
56813
56814
56818
56855
56858
56873
56874
56887
56894
56914
56921
56925
56936
56940
56952
56959
56968
56968
56975
56988
57013
57015
57017
57024
57041
57043
57046
57059
57065
57071
57101
57102
57108
57126
57131
57134
57137
57141
57142
57149
57164
57182
57185
57201
57216
57223
57229
57243
57243
57290
57295
57304
57319
57324
57344
57346
57348
57366
57379
57391
57392
57395
57396
57397
57443
57461
57467
57487
57499
57516
57531
57535
57537
57540
57540
57541
57551
57555
57555
57557
57559
57579
57602
57603
57617
57622
57624
57629
57645
57652
57668
57672
57678
57681
57684
57686
57696
57709
57711
57714
57723
57735
57737
57760
57769
57792
57808
57828
57837
57839
57847
57879
57890
57911
57921
57923
57941
57948
57951
57958
57987
57989
57996
58006
58024
58026
58034
58034
58040
58040
58068
58070
58072
58081
58105
58112
58119
58126
58129
58143
58144
58146
58166
58175
58188
58196
58209
58227
58242
58270
58280
58296
58297
58299
58323
58330
58336
58342
58346
58353
58358
58363
58373
58409
58454
58479
58480
58483
58488
58512
58538
58540
58558
58568
58577
58585
58593
58628
58635
58655
58656
58679
58690
58692
58694
58701
58715
58723
58725
58728
58736
58739
58745
58749
58752
58757
58759
58761
58785
58789
58792
58794
58795
58814
58832
58851
58856
58857
58871
58873
58878
58879
58879
58884
58935
58960
58981
58992
59000
59002
59015
59017
59019
59023
59025
59040
59042
59048
59057
59067
59078
59079
59079
59082
59090
59091
59091
59109
59117
59128
59134
59135
59135
59137
59150
59153
59168
59182
59186
59186
59187
59209
59212
59222
59240
59244
59251
59285
59288
59295
59299
59323
59326
59327
59347
59364
59390
59412
59453
59454
59460
59466
59479
59491
59505
59511
59531
59552
59561
59562
59565
59566
59572
59583
59597
59598
59616
59638
59667
59671
59672
59672
59677
59690
59694
59698
59716
59717
59719
59721
59722
59725
59738
59746
59757
59757
59768
59772
59783
59791
59800
59824
59831
59841
59850
59856
59861
59863
59864
59867
59877
59901
59902
59903
59913
59914
59928
59959
59972
59975
59977
59994
60006
60008
60012
60013
60019
60046
60061
60072
60072
60074
60084
60086
60098
60099
60118
60121
60127
60149
60156
60176
60195
60222
60234
60235
60240
60260
60274
60286
60289
60291
60293
60295
60308
60310
60311
60313
60321
60321
60335
60337
60339
60339
60341
60341
60349
60351
60356
60373
60376
60382
60393
60398
60398
60400
60400
60409
60415
60416
60426
60426
60432
60443
60448
60474
60495
60505
60507
60516
60544
60547
60552
60554
60567
60583
60589
60623
60634
60637
60657
60665
60678
60689
60697
60698
60698
60712
60715
60721
60725
60766
60769
60771
60800
60802
60805
60806
60811
60816
60816
60834
60842
60896
60906
60924
60931
60939
60940
60945
60947
60959
60967
60968
61003
61006
61010
61011
61021
61036
61036
61040
61045
61048
61050
61063
61067
61077
61077
61093
61099
61105
61106
61109
61126
61140
61147
61151
61153
61162
61171
61192
61192
61206
61229
61261
61278
61291
61298
61331
61340
61353
61355
61359
61373
61373
61401
61426
61439
61439
61455
61463
61471
61479
61481
61481
61487
61503
61504
61506
61511
61522
61540
61545
61556
61585
61608
61616
61653
61656
61674
61697
61706
61706
61740
61741
61745
61754
61760
61770
61789
61805
61811
61816
61835
61846
61854
61864
61872
61900
61906
61946
61947
61965
61965
61995
62056
62057
62060
62084
62093
62115
62142
62165
62167
62197
62198
62218
62238
62260
62267
62273
62276
62282
62283
62289
62291
62301
62320
62341
62343
62353
62365
62366
62376
62390
62397
62409
62439
62475
62512
62517
62545
62584
62589
62597
62625
62635
62638
62655
62662
62666
62671
62671
62682
62698
62703
62706
62725
62731
62739
62743
62745
62745
62756
62761
62766
62786
62787
62794
62806
62810
62811
62812
62834
62842
62848
62851
62854
62856
62860
62862
62869
62886
62891
62893
62893
62905
62907
62907
62909
62915
62935
62937
62947
62956
62963
62976
62986
62990
63016
63025
63030
63042
63052
63070
63089
63092
63097
63105
63113
63120
63128
63131
63162
63167
63168
63174
63182
63200
63208
63215
63224
63225
63234
63238
63245
63259
63264
63264
63278
63284
63290
63316
63318
63321
63345
63365
63366
63385
63387
63392
63403
63406
63436
63438
63439
63440
63446
63479
63486
63497
63497
63522
63529
63536
63541
63550
63551
63566
63572
63580
63606
63612
63613
63618
63622
63637
63638
63641
63642
63653
63671
63694
63748
63752
63759
63763
63763
63774
63785
63792
63810
63811
63828
63832
63841
63847
63849
63862
63882
63884
63912
63914
63922
63926
63930
63931
63939
63943
63966
63967
63969
63984
63988
64005
64013
64017
64019
64028
64036
64042
64046
64068
64069
64069
64081
64099
64109
64130
64130
64157
64166
64167
64189
64198
64201
64212
64213
64216
64217
64224
64224
64232
64244
64245
64247
64254
64259
64262
64265
64272
64275
64276
64296
64309
64322
64325
64335
64344
64346
64347
64356
64358
64369
64379
64388
64398
64401
64414
64418
64426
64454
64490
64509
64518
64522
64534
64535
64538
64540
64545
64551
64551
64561
64573
64573
64591
64593
64605
64626
64643
64649
64652
64673
64684
64697
64703
64711
64712
64745
64775
64787
64805
64843
64859
64872
64898
64914
64916
64916
64916
64920
64947
64975
64982
64995
64999
65013
65016
65018
65019
65028
65036
65042
65044
65074
65077
65078
65082
65090
65110
65115
65116
65123
65123
65135
65145
65147
65163
65164
65168
65175
65188
65197
65198
65205
65205
65209
65215
65222
65224
65224
65266
65276
65278
65280
65281
65282
65283
65296
65312
65315
65332
65341
65361
65367
65387
65388
65391
65392
65406
65426
65433
65442
65444
65447
65458
65499
65503
65510
65513
65520
65521
65524
65538
65539
65551
65557
65569
65570
65579
65583
65598
65636
65636
65642
65647
65648
65667
65671
65682
65701
65723
65729
65733
65740
65741
65742
65745
65754
65768
65770
65791
65799
65811
65843
65865
65873
65879
65890
65901
65946
65958
65983
65990
65999
66010
66011
66024
66054
66058
66066
66090
66099
66100
66126
66140
66150
66155
66162
66167
66191
66192
66193
66200
66204
66208
66215
66217
66250
66251
66269
66297
66307
66309
66319
66320
66348
66362
66375
66377
66395
66404
66421
66430
66432
66437
66450
66456
66457
66461
66467
66473
66473
66488
66500
66504
66507
66517
66526
66526
66529
66535
66537
66544
66551
66552
66555
66574
66575
66585
66589
66637
66638
66639
66641
66647
66649
66653
66665
66670
66674
66688
66697
66710
66730
66734
66740
66742
66745
66746
66754
66767
66771
66784
66810
66829
66843
66845
66853
66855
66856
66864
66889
66889
66892
66893
66930
66936
66941
66961
66979
66980
66991
66996
67000
67011
67063
67067
67074
67088
67102
67104
67107
67113
67127
67158
67168
67188
67191
67231
67232
67235
67275
67281
67282
67285
67335
67357
67379
67382
67385
67397
67401
67404
67412
67412
67415
67416
67417
67427
67428
67430
67438
67443
67443
67450
67454
67485
67489
67497
67505
67507
67519
67520
67530
67539
67540
67562
67576
67579
67581
67582
67616
67616
67633
67659
67670
67675
67682
67714
67721
67727
67728
67730
67741
67750
67757
67766
67768
67779
67788
67803
67810
67813
67819
67819
67826
67831
67832
67854
67862
67866
67881
67928
67931
67932
67938
67948
67957
67958
67970
67974
67979
67982
68022
68025
68040
68050
68050
68054
68061
68071
68079
68083
68087
68106
68118
68129
68133
68171
68172
68192
68204
68212
68219
68221
68223
68236
68236
68240
68244
68249
68252
68266
68276
68281
68299
68336
68342
68343
68367
68378
68379
68417
68424
68436
68447
68473
68492
68493
68495
68505
68555
68570
68588
68591
68626
68628
68630
68630
68667
68667
68667
68671
68682
68703
68715
68724
68735
68741
68748
68749
68781
68788
68792
68815
68815
68824
68827
68833
68835
68847
68851
68858
68879
68880
68888
68918
68937
68937
68950
68954
68962
68976
68980
68993
69016
69049
69057
69110
69125
69142
69147
69147
69160
69160
69170
69190
69190
69215
69216
69223
69261
69274
69293
69307
69310
69319
69328
69332
69355
69358
69360
69361
69364
69375
69376
69386
69388
69415
69418
69467
69470
69516
69522
69529
69555
69560
69572
69574
69587
69598
69622
69638
69640
69646
69652
69665
69677
69686
69694
69713
69715
69722
69725
69728
69730
69756
69765
69772
69787
69793
69813
69817
69830
69854
69860
69868
69869
69877
69893
69903
69945
69957
69960
69971
69986
69997
70002
70009
70035
70044
70088
70088
70093
70106
70117
70125
70141
70153
70163
70163
70180
70222
70235
70239
70246
70258
70265
70275
70290
70326
70337
70346
70354
70374
70384
70394
70408
70412
70418
70429
70439
70444
70446
70449
70449
70467
70480
70491
70492
70498
70544
70549
70549
70591
70604
70616
70619
70626
70631
70632
70633
70636
70637
70651
70660
70661
70667
70672
70678
70682
70686
70701
70719
70722
70728
70735
70741
70747
70750
70756
70765
70797
70830
70834
70841
70853
70854
70862
70870
70880
70882
70885
70888
70891
70894
70915
70925
70932
70933
70941
70959
70978
70979
70979
70987
70991
70993
70999
71006
71008
71015
71021
71027
71035
71040
71043
71050
71064
71095
71112
71120
71143
71145
71152
71161
71178
71181
71190
71191
71199
71208
71215
71215
71234
71252
71255
71256
71274
71279
71283
71283
71297
71300
71305
71306
71308
71311
71320
71339
71348
71363
71368
71376
71376
71420
71459
71467
71470
71481
71531
71539
71549
71553
71564
71584
71589
71608
71610
71615
71624
71634
71634
71637
71637
71659
71660
71709
71711
71720
71729
71731
71733
71748
71752
71771
71777
71786
71839
71844
71862
71883
71893
71901
71905
71941
71973
71987
71989
71998
72009
72012
72031
72050
72059
72061
72066
72075
72075
72076
72079
72091
72095
72122
72127
72133
72156
72159
72165
72170
72172
72187
72190
72196
72212
72222
72223
72232
72247
72263
72271
72288
72299
72318
72328
72337
72338
72342
72346
72356
72365
72379
72379
72405
72410
72431
72437
72443
72451
72452
72453
72464
72469
72469
72475
72487
72509
72516
72520
72545
72550
72564
72571
72572
72574
72610
72619
72620
72624
72626
72630
72659
72659
72691
72711
72719
72721
72723
72731
72749
72755
72768
72776
72780
72812
72818
72829
72846
72858
72858
72865
72872
72877
72884
72889
72903
72906
72907
72908
72924
72932
72934
72959
73014
73017
73021
73033
73068
73072
73089
73093
73114
73123
73127
73130
73149
73152
73168
73175
73182
73195
73202
73206
73210
73214
73237
73246
73258
73260
73281
73282
73284
73291
73292
73293
73329
73335
73335
73338
73364
73371
73390
73393
73397
73421
73425
73432
73445
73448
73457
73460
73476
73481
73481
73512
73513
73537
73539
73540
73558
73559
73567
73586
73602
73604
73609
73616
73616
73636
73657
73661
73661
73669
73685
73690
73693
73701
73705
73708
73713
73715
73715
73716
73717
73733
73757
73759
73771
73784
73789
73792
73802
73812
73823
73824
73830
73833
73834
73855
73873
73887
73889
73890
73896
73903
73906
73925
73927
73929
73949
73950
73965
73972
73988
73999
74023
74025
74030
74048
74079
74082
74090
74094
74098
74099
74112
74123
74124
74127
74151
74157
74175
74177
74200
74219
74221
74223
74223
74236
74240
74244
74246
74252
74263
74284
74294
74303
74304
74307
74307
74315
74332
74333
74344
74345
74351
74352
74378
74391
74402
74405
74427
74431
74432
74432
74432
74441
74445
74452
74469
74479
74492
74498
74507
74529
74534
74535
74535
74570
74577
74578
74587
74597
74598
74607
74626
74638
74655
74663
74671
74674
74679
74682
74688
74706
74717
74792
74810
74826
74837
74840
74842
74870
74888
74888
74891
74894
74899
74906
74916
74929
74940
74950
74956
74960
74961
74965
74972
75011
75014
75022
75039
75048
75051
75056
75058
75072
75074
75075
75082
75094
75121
75160
75212
75223
75226
75241
75285
75310
75319
75344
75348
75351
75370
75378
75387
75404
75422
75437
75442
75447
75457
75471
75473
75494
75502
75523
75524
75528
75534
75538
75549
75550
75557
75570
75586
75593
75618
75626
75636
75639
75641
75646
75657
75661
75668
75676
75681
75681
75682
75717
75719
75720
75740
75741
75747
75756
75763
75774
75776
75779
75791
75803
75830
75836
75843
75851
75855
75870
75893
75917
75918
75925
75931
75934
75948
75950
75950
75951
75957
75968
75976
75990
76002
76010
76013
76016
76059
76063
76067
76071
76081
76082
76083
76091
76098
76104
76119
76181
76183
76203
76211
76234
76244
76250
76269
76273
76275
76275
76280
76293
76302
76337
76343
76343
76347
76356
76381
76391
76392
76398
76406
76421
76452
76458
76459
76460
76469
76469
76473
76486
76493
76509
76512
76525
76531
76544
76550
76551
76558
76559
76566
76569
76572
76604
76638
76646
76653
76661
76667
76668
76673
76677
76683
76690
76697
76703
76706
76722
76732
76748
76767
76769
76794
76798
76804
76810
76819
76829
76831
76847
76855
76868
76881
76885
76894
76898
76905
76916
76923
76925
76935
76942
76964
76964
76978
77008
77013
77033
77048
77062
77078
77086
77104
77145
77170
77170
77223
77248
77252
77275
77281
77318
77320
77335
77352
77371
77389
77393
77447
77454
77455
77458
77480
77484
77486
77491
77494
77504
77523
77546
77549
77550
77559
77575
77578
77589
77594
77617
77639
77643
77651
77654
77661
77666
77696
77698
77717
77736
77759
77766
77773
77777
77786
77786
77788
77789
77798
77801
77830
77833
77855
77876
77878
77881
77889
77893
77913
77918
77929
77931
77947
77973
77980
78006
78013
78042
78056
78056
78057
78067
78073
78079
78102
78122
78124
78130
78132
78152
78156
78157
78162
78168
78171
78174
78205
78233
78234
78235
78241
78255
78257
78258
78271
78271
78306
78311
78322
78330
78333
78338
78339
78351
78364
78367
78401
78404
78450
78457
78458
78460
78467
78473
78477
78480
78484
78485
78491
78493
78498
78512
78522
78531
78537
78557
78560
78564
78572
78582
78583
78611
78612
78627
78628
78644
78653
78676
78676
78679
78713
78719
78733
78734
78752
78765
78771
78773
78787
78799
78829
78854
78865
78866
78877
78889
78894
78907
78908
78909
78911
78926
78942
78949
78950
78952
78953
78956
78977
78990
79022
79023
79024
79029
79033
79043
79047
79062
79080
79082
79087
79091
79098
79098
79102
79118
79132
79152
79158
79162
79187
79198
79220
79226
79227
79229
79239
79250
79254
79254
79267
79274
79274
79276
79278
79281
79284
79291
79299
79302
79306
79312
79342
79355
79379
79386
79396
79403
79409
79416
79447
79451
79452
79461
79467
79468
79473
79474
79492
79508
79511
79532
79553
79569
79578
79580
79604
79607
79636
79654
79676
79686
79691
79696
79711
79722
79735
79749
79750
79762
79765
79798
79800
79808
79827
79840
79872
79875
79876
79877
79879
79882
79884
79892
79894
79898
79902
79946
79955
79956
79963
79965
79969
79972
79972
79973
79983
79993
79997
80039
80048
80051
80062
80090
80090
80109
80109
80111
80123
80152
80178
80179
80180
80187
80199
80208
80219
80241
80279
80288
80300
80308
80315
80328
80339
80377
80385
80385
80412
80413
80419
80429
80431
80434
80436
80451
80462
80464
80468
80472
80475
80494
80494
80501
80503
80512
80532
80537
80558
80560
80586
80593
80605
80605
80617
80617
80621
80621
80621
80622
80624
80627
80636
80637
80647
80648
80649
80655
80682
80687
80705
80709
80717
80720
80731
80753
80760
80761
80771
80778
80786
80790
80797
80821
80824
80828
80837
80840
80844
80846
80847
80849
80855
80870
80880
80884
80888
80898
80927
80935
80938
80938
80974
80978
80980
80990
81021
81036
81045
81086
81105
81111
81115
81121
81122
81155
81162
81162
81177
81192
81193
81199
81226
81243
81246
81252
81258
81260
81266
81279
81280
81290
81292
81295
81299
81307
81312
81318
81320
81334
81336
81336
81338
81348
81357
81360
81368
81376
81379
81392
81392
81416
81417
81417
81435
81442
81453
81454
81456
81460
81474
81485
81520
81522
81526
81527
81531
81546
81547
81565
81566
81591
81600
81624
81630
81642
81643
81658
81672
81681
81707
81710
81715
81736
81737
81763
81764
81774
81791
81795
81800
81801
81810
81845
81858
81862
81872
81909
81912
81939
81954
81962
81985
82005
82026
82035
82046
82052
82059
82074
82088
82088
82113
82114
82139
82141
82144
82169
82170
82171
82215
82218
82219
82238
82254
82257
82258
82264
82295
82297
82306
82311
82320
82320
82324
82329
82339
82344
82357
82378
82381
82389
82392
82396
82399
82412
82414
82415
82423
82428
82433
82435
82436
82440
82449
82452
82452
82459
82473
82486
82487
82493
82501
82512
82541
82570
82601
82612
82613
82635
82635
82638
82639
82646
82658
82675
82678
82683
82692
82716
82750
82761
82764
82777
82777
82785
82805
82806
82808
82823
82825
82847
82852
82855
82857
82872
82890
82894
82902
82906
82919
82932
82942
82944
82957
83014
83042
83056
83058
83064
83065
83069
83079
83082
83105
83112
83119
83120
83141
83155
83161
83173
83179
83183
83200
83206
83227
83229
83232
83268
83272
83273
83291
83311
83312
83326
83337
83341
83344
83349
83355
83381
83382
83382
83386
83395
83399
83410
83414
83421
83441
83468
83472
83473
83484
83497
83500
83516
83516
83541
83554
83557
83560
83561
83562
83574
83585
83588
83606
83611
83617
83625
83633
83667
83670
83684
83690
83708
83716
83721
83728
83734
83738
83745
83764
83773
83779
83780
83787
83792
83807
83812
83830
83844
83852
83856
83868
83870
83873
83874
83890
83895
83921
83921
83921
83941
83954
83956
83961
83963
83976
83989
84013
84021
84033
84055
84056
84062
84069
84076
84079
84081
84095
84123
84127
84141
84149
84151
84196
84197
84197
84201
84205
84224
84241
84268
84270
84278
84286
84287
84294
84297
84312
84317
84338
84345
84350
84357
84365
84367
84379
84380
84381
84389
84400
84404
84408
84410
84412
84430
84435
84445
84453
84465
84465
84471
84473
84478
84492
84493
84497
84502
84503
84519
84525
84525
84539
84546
84557
84576
84584
84596
84610
84613
84616
84641
84643
84655
84673
84673
84682
84684
84693
84695
84698
84700
84723
84731
84745
84748
84750
84751
84765
84780
84804
84812
84813
84832
84844
84856
84857
84870
84875
84891
84891
84908
84909
84910
84919
84931
84935
84949
84950
84970
84984
84996
85007
85014
85024
85042
85046
85053
85058
85061
85067
85068
85118
85123
85126
85131
85135
85143
85168
85178
85182
85183
85190
85192
85209
85220
85221
85244
85246
85251
85261
85263
85288
85297
85303
85312
85315
85318
85326
85347
85350
85359
85369
85380
85408
85408
85424
85431
85441
85471
85482
85535
85540
85540
85547
85561
85568
85569
85581
85601
85605
85615
85651
85658
85668
85674
85697
85708
85715
85724
85739
85747
85749
85770
85773
85803
85805
85816
85824
85826
85828
85867
85873
85877
85912
85915
85949
85969
85984
85987
85995
85997
86048
86067
86068
86073
86084
86087
86091
86097
86114
86114
86122
86123
86124
86137
86140
86140
86142
86147
86153
86173
86201
86205
86212
86239
86268
86271
86290
86298
86298
86299
86301
86312
86321
86335
86346
86361
86369
86392
86405
86406
86426
86428
86429
86457
86462
86463
86465
86494
86504
86505
86523
86542
86547
86572
86575
86579
86582
86589
86603
86608
86624
86626
86629
86630
86636
86654
86659
86669
86682
86688
86689
86695
86700
86708
86708
86710
86710
86718
86719
86721
86728
86741
86763
86769
86773
86786
86792
86795
86819
86821
86839
86865
86867
86933
86948
86962
86964
86965
86999
87000
87009
87028
87047
87052
87065
87071
87071
87090
87091
87099
87107
87108
87114
87122
87122
87126
87135
87146
87162
87168
87169
87170
87177
87187
87224
87225
87228
87232
87234
87248
87275
87294
87304
87306
87313
87313
87318
87333
87349
87361
87373
87378
87385
87386
87402
87406
87406
87408
87410
87415
87417
87421
87426
87428
87430
87465
87468
87486
87498
87499
87505
87514
87523
87523
87526
87530
87543
87543
87545
87546
87554
87555
87564
87583
87587
87588
87591
87595
87598
87603
87625
87629
87640
87653
87663
87665
87674
87677
87687
87697
87698
87707
87716
87732
87740
87742
87745
87754
87755
87763
87766
87766
87772
87773
87826
87837
87839
87843
87870
87876
87878
87903
87916
87927
87944
87958
87974
87979
87986
87995
88009
88018
88019
88021
88024
88029
88038
88039
88044
88050
88050
88052
88054
88058
88068
88072
88072
88075
88082
88082
88110
88115
88120
88135
88155
88156
88167
88177
88191
88241
88243
88251
88255
88267
88272
88286
88301
88312
88313
88313
88327
88347
88375
88380
88387
88400
88412
88417
88424
88437
88458
88460
88465
88473
88476
88479
88486
88488
88517
88576
88599
88600
88608
88628
88641
88658
88658
88699
88706
88707
88710
88711
88716
88729
88745
88763
88771
88782
88791
88803
88809
88811
88812
88814
88818
88824
88827
88828
88830
88841
88844
88845
88845
88872
88877
88882
88892
88926
88926
88936
88937
88938
88945
88948
88961
88962
88974
88976
88978
88980
88997
88999
89001
89008
89025
89028
89032
89044
89058
89058
89059
89060
89060
89101
89102
89116
89124
89129
89141
89142
89149
89167
89172
89187
89201
89222
89241
89265
89277
89278
89278
89283
89290
89305
89310
89328
89337
89357
89359
89370
89376
89377
89413
89416
89421
89422
89446
89451
89466
89469
89472
89474
89487
89492
89494
89499
89504
89558
89566
89576
89592
89598
89598
89600
89601
89615
89636
89702
89710
89711
89717
89720
89728
89729
89741
89743
89747
89750
89755
89757
89757
89764
89765
89770
89772
89786
89800
89826
89842
89855
89856
89876
89890
89909
89913
89933
89966
89982
89987
89991
89997
89998
90001
90006
90011
90019
90022
90028
90041
90052
90054
90074
90097
90116
90119
90121
90150
90154
90166
90168
90169
90173
90186
90203
90210
90213
90243
90251
90267
90268
90269
90276
90287
90298
90300
90310
90310
90314
90325
90326
90367
90382
90404
90410
90410
90420
90442
90446
90451
90453
90500
90503
90504
90519
90547
90547
90556
90562
90563
90569
90583
90605
90606
90609
90640
90714
90724
90747
90764
90781
90781
90785
90790
90824
90829
90836
90838
90849
90850
90864
90869
90870
90908
90920
90923
90934
90955
90959
90977
90987
91001
91009
91012
91044
91058
91078
91101
91110
91127
91129
91142
91145
91145
91147
91176
91200
91209
91213
91239
91254
91254
91255
91257
91279
91286
91298
91300
91308
91324
91326
91335
91336
91339
91346
91347
91347
91359
91365
91380
91389
91398
91410
91412
91412
91421
91439
91448
91452
91452
91459
91460
91463
91489
91489
91493
91500
91501
91505
91509
91512
91517
91539
91545
91545
91563
91564
91593
91603
91603
91603
91623
91624
91644
91650
91657
91679
91704
91723
91724
91728
91729
91729
91739
91743
91751
91752
91753
91754
91756
91775
91783
91787
91802
91806
91810
91823
91884
91888
91893
91897
91901
91904
91926
91966
91979
91993
92000
92005
92050
92063
92065
92072
92075
92079
92084
92085
92109
92110
92111
92118
92127
92133
92149
92159
92162
92171
92186
92198
92207
92225
92233
92261
92265
92266
92279
92283
92288
92291
92291
92292
92298
92315
92326
92331
92334
92349
92359
92362
92367
92374
92378
92383
92417
92426
92433
92445
92455
92466
92482
92496
92500
92519
92552
92585
92601
92601
92616
92618
92640
92642
92647
92673
92676
92679
92709
92715
92725
92750
92754
92755
92758
92768
92798
92798
92801
92803
92806
92806
92809
92825
92826
92856
92863
92906
92915
92968
92983
92999
92999
93006
93012
93014
93020
93025
93026
93026
93042
93057
93068
93095
93096
93103
93104
93104
93106
93109
93119
93126
93128
93129
93130
93148
93152
93157
93161
93165
93168
93183
93204
93209
93219
93224
93231
93281
93287
93291
93293
93320
93329
93347
93349
93350
93355
93368
93372
93399
93441
93447
93456
93461
93484
93486
93525
93534
93535
93541
93545
93572
93577
93590
93603
93606
93608
93608
93622
93644
93647
93653
93666
93674
93690
93700
93702
93712
93717
93724
93725
93741
93745
93747
93748
93758
93768
93778
93778
93784
93785
93787
93810
93820
93829
93840
93849
93881
93885
93893
93899
93905
93928
93930
93952
93990
94012
94018
94026
94045
94063
94067
94067
94083
94103
94105
94106
94133
94138
94149
94164
94167
94168
94173
94185
94238
94248
94255
94262
94267
94273
94274
94294
94297
94298
94306
94311
94325
94329
94329
94332
94356
94377
94416
94424
94431
94437
94446
94448
94463
94467
94475
94488
94492
94523
94537
94545
94552
94560
94577
94600
94610
94616
94644
94648
94652
94655
94657
94678
94688
94689
94702
94712
94726
94728
94728
94759
94759
94787
94791
94800
94804
94839
94854
94871
94885
94914
94931
94939
94941
94962
94964
94966
95025
95026
95036
95037
95040
95047
95049
95074
95075
95082
95100
95104
95107
95144
95144
95151
95162
95166
95169
95175
95176
95182
95207
95208
95216
95218
95225
95227
95230
95240
95244
95254
95263
95282
95286
95289
95294
95298
95307
95317
95318
95334
95342
95355
95365
95367
95368
95371
95379
95379
95382
95399
95400
95406
95411
95414
95416
95417
95429
95435
95444
95454
95455
95466
95475
95513
95521
95522
95529
95530
95562
95569
95574
95576
95576
95603
95603
95605
95608
95610
95618
95631
95632
95668
95668
95676
95687
95692
95696
95706
95717
95727
95728
95731
95738
95745
95749
95771
95777
95792
95794
95798
95802
95809
95819
95819
95842
95842
95843
95857
95857
95862
95863
95865
95908
95919
95922
95928
95949
95963
95970
95975
95978
95983
95989
95993
96030
96051
96079
96084
96092
96095
96099
96117
96120
96126
96133
96140
96144
96169
96184
96201
96267
96273
96296
96302
96308
96311
96325
96328
96351
96355
96358
96363
96373
96383
96387
96392
96398
96400
96401
96402
96409
96424
96431
96458
96468
96468
96471
96487
96495
96499
96509
96512
96513
96516
96531
96536
96589
96609
96615
96617
96633
96648
96649
96658
96690
96709
96717
96742
96753
96757
96766
96773
96792
96805
96820
96822
96833
96848
96860
96871
96883
96888
96893
96905
96911
96925
96930
96955
96961
96971
96971
96982
96983
96991
97003
97006
97020
97033
97036
97041
97045
97048
97063
97077
97079
97084
97093
97098
97099
97100
97108
97109
97117
97123
97156
97158
97167
97183
97186
97195
97201
97203
97215
97230
97258
97264
97265
97268
97272
97274
97297
97297
97303
97309
97316
97332
97342
97356
97370
97373
97377
97387
97399
97407
97407
97415
97422
97434
97448
97455
97479
97485
97492
97512
97514
97529
97534
97559
97562
97562
97577
97589
97591
97599
97610
97627
97641
97644
97674
97675
97677
97679
97691
97696
97714
97761
97769
97771
97785
97803
97811
97814
97820
97827
97838
97844
97850
97852
97867
97874
97876
97877
97880
97883
97897
97897
97910
97915
97929
97946
97953
97955
97962
97965
97968
97969
97970
97971
97973
97979
97983
97995
97995
98015
98028
98031
98035
98038
98044
98046
98055
98059
98066
98073
98082
98085
98132
98135
98141
98181
98191
98207
98233
98249
98280
98298
98300
98308
98312
98314
98341
98345
98349
98362
98374
98383
98392
98396
98409
98421
98428
98436
98443
98452
98469
98472
98478
98482
98489
98490
98497
98503
98503
98512
98513
98521
98527
98553
98562
98564
98566
98575
98595
98600
98614
98632
98653
98656
98664
98674
98676
98692
98695
98703
98707
98709
98730
98753
98758
98792
98819
98820
98821
98822
98828
98839
98843
98856
98873
98876
98880
98881
98885
98896
98905
98906
98912
98913
98924
98950
98950
98960
98972
98991
98991
98994
98995
98995
98999
98999
99000
99003
99003
99013
99013
99016
99026
99029
99033
99038
99046
99052
99056
99060
99062
99064
99067
99068
99088
99100
99108
99123
99134
99136
99136
99139
99154
99160
99160
99161
99170
99183
99205
99214
99223
99225
99227
99233
99246
99266
99268
99274
99276
99291
99314
99315
99319
99335
99337
99355
99356
99384
99395
99400
99420
99463
99493
99498
99499
99511
99516
99532
99533
99536
99542
99551
99581
99585
99594
99600
99622
99625
99656
99720
99722
99723
99730
99735
99744
99747
99763
99785
99790
99791
99796
99797
99801
99815
99817
99819
99822
99823
99826
99829
99841
99849
99855
99856
99857
99860
99872
99884
99916
99919
99926
99935
99941
99945
99946
99958
99961
